8 0.645752 0.306641 0.004395 0.023438
8 0.602051 0.377930 0.008789 0.021484
8 0.684814 0.357422 0.007324 0.029297
0 0.665527 0.411133 0.006836 0.044922
2 0.722900 0.411133 0.087402 0.080078
2 0.713135 0.410156 0.033691 0.029297
2 0.717529 0.432617 0.057129 0.078125
2 0.733398 0.439453 0.046875 0.093750
2 0.765625 0.445312 0.083008 0.123047
2 0.793945 0.450195 0.059570 0.138672
2 0.794434 0.466797 0.058594 0.105469
2 0.856201 0.468750 0.165527 0.214844
2 0.889648 0.475586 0.109375 0.255859
2 0.916504 0.503906 0.150391 0.269531
2 0.975098 0.508789 0.048828 0.347656
9 0.973633 0.283691 0.038086 0.077148
9 0.828613 0.325195 0.005859 0.013672
9 0.828369 0.307129 0.006348 0.026367
2 0.614502 0.421875 0.040527 0.060547
0 0.585449 0.420898 0.005859 0.035156
0 0.589355 0.422852 0.007812 0.033203
0 0.574219 0.421875 0.006836 0.035156
0 0.541992 0.419434 0.008789 0.057617
0 0.530029 0.422363 0.008301 0.051758
8 0.529053 0.363281 0.006348 0.027344
0 0.503662 0.420410 0.011230 0.053711
8 0.473877 0.372070 0.016113 0.031250
9 0.435547 0.361328 0.004883 0.023438
2 0.480957 0.434082 0.041992 0.061523
2 0.439209 0.430176 0.069824 0.073242
2 0.446777 0.431152 0.072266 0.081055
1 0.492920 0.426270 0.019043 0.100586
7 0.490967 0.453125 0.019043 0.070312
2 0.428223 0.442871 0.068359 0.077148
7 0.436279 0.453125 0.052246 0.066406
2 0.381592 0.450195 0.073730 0.117188
2 0.330322 0.457520 0.100098 0.145508
2 0.264160 0.484863 0.142578 0.163086
0 0.077881 0.424805 0.027832 0.074219
0 0.105713 0.410156 0.022949 0.060547
2 0.137451 0.513184 0.199707 0.221680
2 0.033691 0.527832 0.067383 0.309570
8 0.622070 0.272949 0.005859 0.026367