2 0.529297 0.424805 0.014648 0.041016
2 0.501465 0.414551 0.055664 0.065430
0 0.537109 0.423340 0.008789 0.053711
9 0.555908 0.299316 0.012207 0.026367
9 0.556885 0.323242 0.012207 0.023438
8 0.557617 0.357910 0.011719 0.036133
8 0.487305 0.247559 0.011719 0.038086
2 0.573486 0.436523 0.020996 0.070312
2 0.595215 0.434570 0.054688 0.087891
8 0.626953 0.289062 0.008789 0.027344
8 0.625977 0.266602 0.008789 0.031250
2 0.601807 0.441895 0.053223 0.094727
2 0.641846 0.442871 0.071777 0.104492
8 0.629883 0.360352 0.013672 0.031250
2 0.721924 0.466309 0.092285 0.180664
2 0.785645 0.473633 0.116211 0.267578
2 0.897949 0.458496 0.203125 0.565430
2 0.519287 0.437012 0.015137 0.028320
2 0.456055 0.423828 0.017578 0.027344
2 0.487061 0.455566 0.077637 0.129883
2 0.443115 0.446289 0.014160 0.056641
2 0.416016 0.429688 0.058594 0.107422
2 0.296143 0.422363 0.014160 0.022461
2 0.316650 0.445312 0.038574 0.062500
2 0.373779 0.458008 0.088379 0.134766
8 0.255127 0.364258 0.013184 0.039062
2 0.267090 0.439941 0.082031 0.118164
2 0.025635 0.527344 0.051270 0.287109
9 0.939941 0.069336 0.071289 0.138672
9 0.322754 0.369141 0.018555 0.023438