2 0.597412 0.474121 0.026855 0.028320
2 0.429688 0.504883 0.026367 0.039062
8 0.442383 0.463379 0.005859 0.036133
2 0.527588 0.492188 0.026855 0.039062
2 0.566406 0.488281 0.021484 0.031250
8 0.450195 0.464355 0.006836 0.020508
2 0.459961 0.498535 0.039062 0.065430
2 0.459961 0.498535 0.039062 0.065430
2 0.429688 0.504883 0.026367 0.039062
2 0.421387 0.506348 0.014648 0.043945
2 0.416504 0.505371 0.019531 0.049805
2 0.406494 0.504395 0.018066 0.055664
2 0.392822 0.505371 0.023926 0.061523
2 0.373779 0.509277 0.047363 0.067383
2 0.326172 0.503418 0.061523 0.118164
2 0.291016 0.523438 0.088867 0.111328
2 0.209473 0.546387 0.097656 0.170898
2 0.113281 0.561523 0.143555 0.226562
2 0.038330 0.579590 0.076660 0.225586
8 0.492188 0.467285 0.003906 0.014648
8 0.496826 0.470215 0.004395 0.006836
9 0.495361 0.448242 0.006348 0.011719
8 0.454590 0.400879 0.004883 0.016602
8 0.585693 0.386719 0.004395 0.021484
8 0.597168 0.453613 0.004883 0.018555
9 0.598145 0.440918 0.018555 0.014648
8 0.562988 0.387695 0.006836 0.017578
8 0.600830 0.449707 0.003418 0.004883