8 0.686279 0.318359 0.007324 0.019531
2 0.659180 0.397461 0.010742 0.023438
9 0.662354 0.365234 0.005371 0.025391
2 0.666992 0.431641 0.021484 0.048828
2 0.700195 0.428711 0.074219 0.082031
2 0.710449 0.433594 0.046875 0.056641
2 0.724609 0.440430 0.035156 0.070312
2 0.723877 0.437988 0.028809 0.061523
2 0.784912 0.433105 0.112793 0.125977
2 0.804199 0.443848 0.074219 0.088867
2 0.852051 0.458984 0.077148 0.125000
2 0.919189 0.459961 0.160645 0.148438
2 0.560547 0.405762 0.013672 0.022461
9 0.980713 0.146973 0.037598 0.065430
9 0.979980 0.217773 0.039062 0.064453
4 0.572510 0.412598 0.022949 0.102539
8 0.583984 0.295898 0.008789 0.027344
2 0.552002 0.407227 0.013184 0.023438
2 0.543213 0.407715 0.018066 0.024414
2 0.523682 0.413086 0.020020 0.027344
2 0.515137 0.416992 0.019531 0.027344
8 0.504150 0.382812 0.004395 0.021484
9 0.462646 0.368164 0.006348 0.001953
8 0.463867 0.383789 0.008789 0.019531
7 0.493164 0.416016 0.004883 0.019531
0 0.491699 0.412598 0.006836 0.030273
0 0.455322 0.424316 0.008301 0.040039
0 0.447021 0.418457 0.008301 0.036133
0 0.439453 0.423340 0.008789 0.028320
0 0.432129 0.425293 0.008789 0.040039
7 0.445557 0.436035 0.023926 0.034180
9 0.425049 0.388672 0.005371 0.011719
8 0.413330 0.380859 0.009277 0.023438
9 0.425293 0.354004 0.020508 0.057617
8 0.456543 0.301270 0.004883 0.024414
9 0.450928 0.362793 0.014160 0.040039
2 0.351807 0.426270 0.022949 0.026367
0 0.330811 0.427734 0.014160 0.064453
9 0.307617 0.391113 0.008789 0.022461
9 0.299805 0.304688 0.024414 0.066406
2 0.152832 0.474121 0.138672 0.157227
7 0.009521 0.546387 0.019043 0.129883
8 0.538086 0.322266 0.002930 0.017578
4 0.607178 0.406738 0.075684 0.143555