2 0.408936 0.417480 0.053223 0.047852
2 0.411865 0.422363 0.034668 0.045898
0 0.351074 0.422852 0.007812 0.015625
2 0.375000 0.432617 0.083984 0.054688
2 0.330322 0.444824 0.009277 0.038086
2 0.294189 0.438477 0.073730 0.083984
2 0.280029 0.439453 0.061035 0.070312
2 0.242188 0.451660 0.047852 0.104492
2 0.180420 0.455566 0.106934 0.125977
2 0.108154 0.467773 0.141113 0.125000
2 0.486328 0.431152 0.018555 0.032227
2 0.501465 0.427734 0.022461 0.035156
2 0.514160 0.426270 0.016602 0.036133
2 0.532227 0.423828 0.029297 0.041016
9 0.424805 0.372070 0.006836 0.013672
9 0.419434 0.385254 0.007812 0.012695
9 0.385010 0.394043 0.005371 0.006836
9 0.387939 0.379883 0.009277 0.015625
9 0.465332 0.399414 0.005859 0.011719
9 0.462158 0.387695 0.004395 0.011719
7 0.089111 0.470703 0.020020 0.082031
7 0.120850 0.484375 0.053223 0.080078
2 0.548828 0.423340 0.034180 0.041992
2 0.035889 0.487793 0.071777 0.170898
2 0.573486 0.423828 0.053223 0.042969
9 0.706787 0.261230 0.043457 0.094727
2 0.019043 0.523926 0.038086 0.108398
9 0.659424 0.293945 0.019043 0.037109
0 0.675537 0.412598 0.018066 0.118164
0 0.685547 0.405762 0.014648 0.127930
9 0.707275 0.259766 0.042480 0.097656
0 0.730469 0.418945 0.031250 0.175781
0 0.465576 0.425781 0.009277 0.037109
2 0.201172 0.477539 0.053711 0.082031
6 0.177246 0.471191 0.040039 0.131836
9 0.359863 0.408691 0.005859 0.010742
8 0.359863 0.332031 0.005859 0.019531
9 0.462158 0.392578 0.005371 0.005859