0 0.764893 0.352539 0.007324 0.013672
0 0.755859 0.354980 0.007812 0.012695
0 0.744385 0.349609 0.011230 0.031250
7 0.955078 0.452637 0.030273 0.092773
0 0.937988 0.411621 0.051758 0.268555
0 0.635742 0.431152 0.018555 0.083008
0 0.242188 0.427734 0.014648 0.025391
0 0.408447 0.452148 0.017090 0.070312
0 0.442627 0.446289 0.011230 0.062500
0 0.419434 0.452148 0.010742 0.076172
0 0.596191 0.427246 0.014648 0.077148
0 0.548828 0.458008 0.007812 0.033203
0 0.609863 0.433594 0.019531 0.089844
2 0.268066 0.439453 0.050781 0.041016
2 0.329346 0.482910 0.161621 0.157227
2 0.239258 0.479980 0.083008 0.104492
2 0.248291 0.542480 0.069824 0.106445
2 0.119141 0.504883 0.238281 0.302734
2 0.031982 0.593262 0.063965 0.225586
0 0.620361 0.427246 0.014160 0.083008
7 0.631104 0.468262 0.019043 0.077148
7 0.709717 0.427734 0.025879 0.064453
0 0.660889 0.423828 0.024902 0.087891
9 0.626953 0.296387 0.015625 0.036133
9 0.627930 0.267578 0.013672 0.027344
9 0.714600 0.250488 0.020996 0.020508
9 0.713867 0.243164 0.021484 0.011719
9 0.701172 0.278320 0.005859 0.035156
9 0.693359 0.306641 0.021484 0.013672
9 0.382812 0.360840 0.012695 0.022461
9 0.383301 0.377441 0.011719 0.012695
0 0.432129 0.436523 0.011719 0.033203
0 0.424805 0.452148 0.016602 0.076172