2 0.430176 0.438477 0.024414 0.052734
2 0.427002 0.438477 0.018066 0.052734
2 0.408447 0.445312 0.014160 0.039062
2 0.384033 0.448730 0.055176 0.096680
2 0.388428 0.472168 0.014160 0.079102
2 0.338623 0.453125 0.115723 0.119141
2 0.297607 0.471680 0.140137 0.173828
2 0.208496 0.471191 0.150391 0.208008
2 0.135498 0.503418 0.178223 0.274414
2 0.069092 0.534668 0.138184 0.350586
2 0.507324 0.448730 0.017578 0.040039
2 0.547852 0.435059 0.083984 0.081055
9 0.570068 0.370605 0.006348 0.020508
2 0.555176 0.442871 0.069336 0.057617
2 0.595215 0.450684 0.028320 0.083008
2 0.602295 0.454590 0.022949 0.084961
2 0.627686 0.450684 0.057129 0.106445
2 0.647949 0.466797 0.084961 0.126953
2 0.843262 0.487793 0.267578 0.352539
2 0.919434 0.597168 0.160156 0.456055
2 0.475342 0.418457 0.018066 0.026367
2 0.466309 0.427246 0.016602 0.040039
2 0.463379 0.426758 0.012695 0.027344
2 0.457275 0.430664 0.015137 0.029297
2 0.454834 0.434570 0.015137 0.029297
2 0.451904 0.434570 0.014160 0.033203
2 0.446289 0.434570 0.019531 0.035156
2 0.442139 0.438477 0.018066 0.041016
2 0.433594 0.436523 0.023438 0.048828
2 0.427979 0.443359 0.015137 0.044922
2 0.415771 0.436523 0.030762 0.060547
2 0.410400 0.444824 0.010254 0.041992