2 0.387451 0.367676 0.008301 0.016602
2 0.378418 0.370117 0.014648 0.021484
2 0.365234 0.375977 0.011719 0.017578
2 0.359863 0.377441 0.013672 0.016602
0 0.636963 0.413574 0.010254 0.047852
7 0.553467 0.427734 0.020020 0.031250
2 0.360596 0.388184 0.012207 0.016602
2 0.381836 0.384766 0.010742 0.017578
2 0.389160 0.406250 0.017578 0.027344
0 0.646729 0.407715 0.009277 0.034180
0 0.924805 0.352051 0.012695 0.024414
0 0.960938 0.340820 0.026367 0.042969
2 0.472900 0.428223 0.053223 0.045898
2 0.375244 0.387695 0.012207 0.017578
2 0.594727 0.424316 0.050781 0.069336
0 0.975586 0.347168 0.023438 0.045898
2 0.654785 0.451660 0.045898 0.104492
2 0.699951 0.442383 0.102051 0.160156
2 0.745117 0.454590 0.122070 0.168945
2 0.799561 0.462891 0.068848 0.187500
2 0.872559 0.473145 0.172852 0.235352
2 0.936523 0.493652 0.125977 0.282227
9 0.399658 0.388672 0.014160 0.011719
9 0.681396 0.301270 0.014160 0.038086
9 0.681396 0.274902 0.014160 0.022461
9 0.681396 0.250977 0.013184 0.035156
9 0.744385 0.287109 0.019043 0.013672
2 0.525391 0.427246 0.057617 0.047852
9 0.546143 0.358398 0.010254 0.027344
9 0.833984 0.258301 0.025391 0.049805
9 0.831787 0.228516 0.033691 0.021484
9 0.446777 0.375977 0.008789 0.013672
9 0.399658 0.378418 0.014160 0.014648
9 0.446777 0.363770 0.008789 0.016602
9 0.399658 0.370605 0.014160 0.012695
9 0.359863 0.351562 0.007812 0.017578
9 0.380371 0.367188 0.008789 0.017578
2 0.408447 0.430664 0.027832 0.044922
2 0.429932 0.429688 0.047363 0.046875
0 0.359375 0.436523 0.009766 0.037109
8 0.400879 0.330566 0.002930 0.010742
9 0.381104 0.379883 0.008301 0.007812