8 0.326660 0.358887 0.005859 0.010742
9 0.359619 0.379883 0.016113 0.039062
2 0.322021 0.427246 0.015137 0.026367
2 0.353760 0.441406 0.027832 0.039062
9 0.346924 0.375977 0.005371 0.013672
2 0.379639 0.439941 0.024902 0.040039
2 0.234619 0.442383 0.018066 0.027344
9 0.249512 0.369629 0.011719 0.043945
0 0.261475 0.442383 0.009277 0.060547
0 0.252686 0.443359 0.007324 0.056641
2 0.234131 0.442871 0.018066 0.028320
0 0.243164 0.443848 0.008789 0.055664
1 0.366455 0.436035 0.009277 0.038086
7 0.366699 0.452148 0.006836 0.025391
8 0.331543 0.371094 0.007812 0.037109
9 0.357666 0.347168 0.018066 0.036133
2 0.403320 0.438477 0.036133 0.048828
2 0.450439 0.425781 0.027832 0.027344
2 0.403320 0.460449 0.029297 0.077148
2 0.483154 0.449707 0.053223 0.081055
2 0.437012 0.457520 0.069336 0.102539
8 0.458984 0.231934 0.005859 0.036133
9 0.519531 0.338379 0.010742 0.024414
9 0.519287 0.355469 0.010254 0.011719
8 0.523193 0.364258 0.008301 0.019531
8 0.526855 0.358887 0.005859 0.034180
0 0.531006 0.412598 0.006348 0.016602
0 0.555664 0.405273 0.012695 0.025391
2 0.549805 0.425781 0.026367 0.023438
2 0.521729 0.457520 0.055176 0.081055
2 0.559570 0.460938 0.054688 0.101562
0 0.747070 0.391113 0.012695 0.028320
0 0.722900 0.393066 0.013184 0.022461
2 0.677734 0.415527 0.048828 0.024414
2 0.610840 0.461426 0.086914 0.139648
2 0.731689 0.445312 0.068848 0.091797
2 0.673340 0.487793 0.130859 0.157227
2 0.793945 0.453125 0.088867 0.136719
0 0.988525 0.378418 0.021973 0.051758
2 0.889404 0.459473 0.166504 0.198242
2 0.961182 0.482910 0.076660 0.200195
0 0.128906 0.459473 0.017578 0.063477
9 0.143555 0.355957 0.029297 0.047852
9 0.145264 0.403320 0.019043 0.054688
0 0.060791 0.444824 0.004395 0.016602
2 0.097656 0.442383 0.023438 0.025391
2 0.104492 0.446289 0.018555 0.025391
0 0.049072 0.449707 0.004395 0.028320
2 0.035889 0.453125 0.020020 0.025391
9 0.004395 0.409668 0.006836 0.010742
2 0.018311 0.470215 0.036621 0.059570
1 0.072998 0.462891 0.021973 0.064453
6 0.073242 0.473145 0.017578 0.043945
0 0.234619 0.452637 0.016113 0.084961
0 0.316406 0.442871 0.014648 0.073242