2 0.481934 0.406738 0.029297 0.024414
2 0.509277 0.404785 0.026367 0.024414
2 0.552490 0.397949 0.009277 0.024414
9 0.405029 0.379395 0.005371 0.010742
9 0.405518 0.388672 0.004395 0.007812
8 0.414062 0.329590 0.004883 0.022461
8 0.436279 0.373047 0.003418 0.017578
9 0.442383 0.367676 0.004883 0.012695
8 0.439453 0.378418 0.002930 0.016602
9 0.441895 0.378906 0.005859 0.011719
9 0.472168 0.377930 0.005859 0.011719
9 0.481445 0.399902 0.007812 0.014648
9 0.454102 0.401367 0.018555 0.035156
9 0.543213 0.354492 0.011230 0.019531
8 0.551025 0.354492 0.009277 0.021484
8 0.565186 0.351074 0.004395 0.020508
2 0.593994 0.403809 0.008301 0.018555
2 0.608398 0.406738 0.029297 0.057617
2 0.599365 0.409668 0.010254 0.051758
2 0.620361 0.411621 0.045410 0.059570
9 0.658691 0.316406 0.051758 0.025391
9 0.645264 0.308105 0.017090 0.034180
2 0.531738 0.404297 0.035156 0.041016
2 0.693604 0.429199 0.085449 0.114258
2 0.799072 0.447754 0.144043 0.184570
9 0.781250 0.256348 0.026367 0.051758
2 0.939209 0.508789 0.120605 0.345703
2 0.402832 0.411133 0.014648 0.037109
2 0.397949 0.412598 0.016602 0.036133
2 0.390137 0.414551 0.022461 0.041992
0 0.357666 0.390625 0.006348 0.019531
2 0.378662 0.416504 0.024902 0.045898
2 0.359131 0.419922 0.036621 0.052734
9 0.326904 0.339355 0.011230 0.032227
2 0.328613 0.423340 0.039062 0.065430
9 0.115234 0.363281 0.005859 0.019531
9 0.114258 0.334961 0.010742 0.041016
9 0.102539 0.304688 0.017578 0.013672
7 0.116699 0.454590 0.060547 0.075195
2 0.027588 0.461426 0.055176 0.079102