2 0.502197 0.320312 0.005371 0.007812
2 0.507080 0.323242 0.005371 0.005859
2 0.539795 0.384766 0.011230 0.017578
2 0.532959 0.395996 0.017090 0.022461
9 0.542480 0.359863 0.004883 0.012695
9 0.583008 0.315430 0.012695 0.031250
9 0.583008 0.334961 0.012695 0.019531
8 0.596191 0.062988 0.022461 0.094727
9 0.763184 0.213379 0.025391 0.051758
8 0.758057 0.270508 0.016113 0.048828
8 0.763672 0.272949 0.010742 0.053711
9 0.875244 0.182129 0.049316 0.139648
2 0.720703 0.424316 0.115234 0.159180
9 0.457031 0.294922 0.033203 0.019531
9 0.486572 0.398438 0.013184 0.037109
2 0.400635 0.398438 0.019043 0.029297
2 0.304932 0.408203 0.025879 0.035156
2 0.323975 0.408691 0.033691 0.040039
2 0.285400 0.410156 0.029785 0.041016
9 0.073730 0.351074 0.004883 0.018555
9 0.073242 0.363281 0.008789 0.011719
8 0.277588 0.254395 0.012207 0.047852
8 0.292480 0.247559 0.004883 0.026367
8 0.211426 0.349609 0.008789 0.029297
8 0.297363 0.248047 0.004883 0.027344
9 0.207031 0.363281 0.009766 0.019531
9 0.184570 0.367188 0.015625 0.044922
9 0.182129 0.266602 0.023438 0.136719
9 0.268799 0.347656 0.010254 0.021484
8 0.384521 0.092285 0.021973 0.094727
8 0.263672 0.233398 0.012695 0.056641
8 0.260742 0.297363 0.016602 0.055664
8 0.280518 0.300293 0.017090 0.055664
8 0.269043 0.300781 0.010742 0.054688