2 0.129395 0.398438 0.047852 0.074219
2 0.327148 0.326660 0.021484 0.036133
9 0.304199 0.307129 0.007812 0.041992
2 0.292725 0.330566 0.015137 0.024414
2 0.300537 0.337402 0.017090 0.030273
2 0.284180 0.353027 0.029297 0.041992
2 0.415771 0.368652 0.046387 0.051758
0 0.459229 0.350586 0.012207 0.039062
2 0.471924 0.380859 0.049316 0.062500
0 0.586182 0.361328 0.015137 0.039062
0 0.603271 0.364258 0.012207 0.031250
2 0.583496 0.395020 0.044922 0.067383
2 0.626709 0.435547 0.058105 0.142578
2 0.626709 0.435547 0.058105 0.142578
2 0.665283 0.458496 0.116699 0.211914
2 0.047852 0.612793 0.095703 0.508789
2 0.324951 0.342285 0.026855 0.038086
2 0.323486 0.369141 0.029785 0.042969
2 0.344727 0.373047 0.033203 0.046875
2 0.369141 0.377930 0.047852 0.064453
2 0.352295 0.461426 0.109863 0.188477
2 0.250732 0.504883 0.201660 0.292969
2 0.802246 0.511719 0.274414 0.357422