2 0.171143 0.414551 0.030762 0.028320
2 0.265625 0.410156 0.026367 0.021484
7 0.220459 0.422852 0.002441 0.025391
9 0.475586 0.378906 0.003906 0.009766
9 0.475830 0.405273 0.003418 0.005859
8 0.468018 0.380371 0.002441 0.006836
9 0.457031 0.397461 0.005859 0.011719
9 0.457275 0.410645 0.005371 0.014648
2 0.337158 0.420898 0.020020 0.029297
2 0.623047 0.394531 0.016602 0.044922
2 0.323975 0.422363 0.025879 0.038086
0 0.034668 0.440430 0.016602 0.078125
2 0.846191 0.382812 0.014648 0.023438
2 0.109619 0.456055 0.100098 0.105469
2 0.433350 0.427734 0.050293 0.083984
9 0.516846 0.359375 0.019043 0.042969
8 0.511963 0.343750 0.003418 0.019531
9 0.538574 0.359863 0.005859 0.008789
9 0.538574 0.369141 0.004883 0.007812
8 0.537842 0.379395 0.003418 0.010742
2 0.543945 0.413086 0.029297 0.044922
9 0.588135 0.304688 0.016113 0.031250
9 0.587891 0.326660 0.011719 0.012695
2 0.591797 0.414551 0.021484 0.081055
2 0.826660 0.383301 0.012695 0.022461
9 0.717529 0.155762 0.085449 0.233398
9 0.703613 0.296387 0.029297 0.055664
2 0.761230 0.422852 0.146484 0.203125
0 0.791260 0.419434 0.036621 0.204102