2 0.359619 0.410645 0.009277 0.012695
9 0.309570 0.414551 0.007812 0.020508
2 0.350342 0.412598 0.014160 0.016602
2 0.386230 0.411133 0.011719 0.013672
9 0.366943 0.408203 0.005371 0.007812
2 0.376709 0.416016 0.020020 0.029297
2 0.415039 0.409668 0.010742 0.014648
2 0.437012 0.408203 0.017578 0.017578
9 0.458740 0.404785 0.010254 0.018555
2 0.501953 0.406250 0.022461 0.037109
2 0.477051 0.405762 0.018555 0.024414
9 0.524658 0.358398 0.007324 0.021484
9 0.527100 0.367676 0.004395 0.010742
9 0.542480 0.340332 0.026367 0.014648
2 0.569336 0.412598 0.034180 0.041992
2 0.523926 0.436035 0.056641 0.090820
9 0.631348 0.359863 0.007812 0.018555
8 0.559814 0.256836 0.010254 0.044922
8 0.614746 0.348145 0.014648 0.038086
8 0.626709 0.344727 0.005371 0.029297
9 0.976562 0.129395 0.045898 0.258789