9 0.562012 0.331055 0.009766 0.017578
9 0.310303 0.289551 0.021973 0.043945
9 0.294434 0.299805 0.003906 0.031250
2 0.275146 0.394531 0.012207 0.078125
0 0.174072 0.374023 0.032715 0.107422
9 0.250000 0.281250 0.006836 0.041016
2 0.086426 0.452148 0.172852 0.357422
0 0.400391 0.385254 0.010742 0.051758
9 0.385254 0.319336 0.007812 0.015625
2 0.375732 0.403320 0.030762 0.080078
2 0.347168 0.407227 0.062500 0.093750
2 0.495117 0.387695 0.010742 0.019531
2 0.487549 0.389648 0.009277 0.025391
2 0.480713 0.390625 0.015137 0.027344
2 0.517090 0.389160 0.018555 0.026367
2 0.569824 0.410645 0.131836 0.165039
9 0.631836 0.223145 0.017578 0.036133
9 0.650635 0.229492 0.018066 0.080078
2 0.681152 0.412598 0.113281 0.188477
2 0.829834 0.454102 0.273926 0.320312
7 0.992676 0.563477 0.013672 0.152344