8 0.544678 0.444824 0.002441 0.010742
0 0.493896 0.479004 0.003418 0.020508
2 0.476074 0.482422 0.012695 0.017578
2 0.468262 0.478027 0.013672 0.028320
2 0.420898 0.464355 0.030273 0.063477
2 0.448975 0.474609 0.030762 0.037109
2 0.400635 0.476074 0.018066 0.041992
2 0.366455 0.479492 0.014160 0.044922
2 0.382568 0.479004 0.036621 0.051758
0 0.324463 0.471680 0.010254 0.050781
2 0.164062 0.506348 0.131836 0.135742
8 0.586426 0.396484 0.002930 0.017578
9 0.635254 0.413574 0.014648 0.006836
1 0.634277 0.458984 0.007812 0.039062
7 0.634277 0.477051 0.003906 0.016602
1 0.644287 0.458008 0.009277 0.042969
7 0.644287 0.473145 0.003418 0.024414
0 0.653564 0.459961 0.006348 0.041016
7 0.659912 0.467773 0.006348 0.039062
1 0.659180 0.450684 0.010742 0.063477
1 0.671631 0.451172 0.017090 0.074219
7 0.670898 0.466309 0.012695 0.053711
7 0.711426 0.471191 0.005859 0.047852
1 0.710449 0.446777 0.015625 0.081055
0 0.767334 0.444336 0.011230 0.074219
0 0.755371 0.445801 0.019531 0.067383
0 0.777344 0.437988 0.015625 0.063477
0 0.785156 0.430176 0.010742 0.041992
0 0.810059 0.383789 0.014648 0.041016
2 0.869385 0.575195 0.261230 0.457031
2 0.606689 0.473633 0.016113 0.023438
2 0.591309 0.470215 0.020508 0.034180
2 0.558838 0.469238 0.020996 0.036133
8 0.626221 0.450684 0.002441 0.012695