2 0.219482 0.436523 0.020996 0.042969
2 0.197754 0.437988 0.037109 0.045898
2 0.158203 0.429199 0.052734 0.073242
2 0.129883 0.436035 0.043945 0.045898
9 0.211670 0.240723 0.035645 0.065430
2 0.091553 0.470215 0.183105 0.202148
9 0.050293 0.009277 0.018555 0.018555
2 0.484131 0.426270 0.009277 0.012695
9 0.531006 0.399414 0.014160 0.023438
2 0.584717 0.434570 0.019043 0.033203
9 0.592529 0.378906 0.020020 0.009766
2 0.600586 0.437988 0.025391 0.041992
2 0.618164 0.442383 0.025391 0.050781
2 0.635498 0.445801 0.032715 0.061523
2 0.659668 0.452148 0.043945 0.068359
0 0.743652 0.405273 0.005859 0.011719
2 0.836914 0.488770 0.086914 0.149414
2 0.679443 0.448242 0.026855 0.068359
2 0.741211 0.520996 0.178711 0.231445
2 0.510010 0.461914 0.062988 0.099609
9 0.211670 0.241211 0.035645 0.062500
8 0.493408 0.391602 0.005371 0.015625