9 0.599365 0.387695 0.010254 0.031250
2 0.594727 0.433594 0.022461 0.050781
2 0.603516 0.438965 0.032227 0.047852
9 0.613770 0.348633 0.011719 0.015625
9 0.614258 0.330078 0.012695 0.027344
9 0.828613 0.215332 0.030273 0.034180
9 0.830322 0.182129 0.030762 0.036133
9 0.829346 0.134277 0.030762 0.057617
7 0.622314 0.457520 0.020020 0.061523
2 0.642090 0.462402 0.037109 0.110352
2 0.684082 0.470215 0.095703 0.143555
2 0.798828 0.505859 0.163086 0.283203
2 0.907471 0.578613 0.185059 0.624023
9 0.354248 0.355469 0.004395 0.019531
9 0.353516 0.331543 0.006836 0.032227
2 0.169189 0.473633 0.020020 0.048828
2 0.236572 0.452637 0.114746 0.090820
2 0.525635 0.426758 0.021973 0.023438
8 0.515869 0.398438 0.003418 0.019531
2 0.542236 0.445312 0.040527 0.066406
9 0.351562 0.305664 0.034180 0.017578