9 0.245850 0.381836 0.013184 0.044922
2 0.268311 0.448730 0.056152 0.055664
9 0.330566 0.370605 0.005859 0.043945
2 0.348389 0.445312 0.043457 0.058594
2 0.524170 0.437988 0.016113 0.024414
2 0.490479 0.439941 0.017090 0.030273
2 0.475342 0.443848 0.020020 0.040039
8 0.436768 0.409668 0.003418 0.020508
2 0.449707 0.445801 0.041992 0.063477
9 0.414795 0.397461 0.007324 0.031250
9 0.391846 0.385254 0.013184 0.006836
2 0.396240 0.462891 0.076660 0.113281
9 0.815186 0.329102 0.007324 0.033203
7 0.735840 0.460449 0.013672 0.069336
1 0.734131 0.422852 0.026855 0.121094
9 0.602783 0.329102 0.013184 0.009766
9 0.597168 0.349609 0.018555 0.035156
8 0.530273 0.347656 0.003906 0.017578