0 0.295898 0.433594 0.007812 0.039062
0 0.327393 0.431641 0.007324 0.039062
7 0.307861 0.441895 0.005371 0.022461
9 0.523682 0.401367 0.010254 0.017578
9 0.649414 0.306152 0.011719 0.045898
9 0.684326 0.235840 0.032715 0.016602
0 0.628174 0.405273 0.008301 0.050781
0 0.602295 0.411133 0.007324 0.039062
9 0.611816 0.382812 0.003906 0.021484
9 0.888916 0.251465 0.032715 0.061523
9 0.887939 0.302734 0.015137 0.035156
9 0.993652 0.019531 0.012695 0.021484
7 0.130371 0.451660 0.016602 0.049805
1 0.129395 0.429199 0.017578 0.055664
7 0.283203 0.441895 0.005859 0.032227
1 0.283447 0.431152 0.009277 0.045898
1 0.316895 0.427246 0.008789 0.026367
7 0.316406 0.440430 0.006836 0.027344