9 0.554443 0.370605 0.026855 0.055664
9 0.506348 0.422363 0.013672 0.014648
1 0.548096 0.434082 0.007324 0.038086
0 0.555176 0.429688 0.009766 0.042969
4 0.476318 0.447754 0.015137 0.012695
2 0.421143 0.426270 0.028809 0.061523
2 0.410645 0.440430 0.026367 0.041016
2 0.390381 0.440918 0.018066 0.049805
2 0.379883 0.440430 0.022461 0.054688
2 0.356445 0.439941 0.039062 0.065430
2 0.332031 0.442383 0.053711 0.072266
2 0.274170 0.438965 0.064941 0.106445
2 0.210205 0.452637 0.102051 0.112305
9 0.724121 0.238281 0.025391 0.048828
8 0.769531 0.203125 0.028320 0.105469
2 0.072998 0.482422 0.145996 0.224609
0 0.548096 0.434082 0.007324 0.038086