8 0.111816 0.397949 0.005859 0.034180
8 0.116699 0.400391 0.005859 0.041016
8 0.110840 0.391113 0.008789 0.014648
8 0.207764 0.396484 0.009277 0.009766
8 0.208252 0.416992 0.009277 0.031250
8 0.352051 0.385742 0.008789 0.023438
8 0.361084 0.388672 0.009277 0.029297
2 0.487305 0.442383 0.013672 0.021484
9 0.662109 0.331055 0.020508 0.031250
9 0.508789 0.409668 0.009766 0.024414
9 0.515625 0.402344 0.009766 0.025391
9 0.551025 0.367188 0.016113 0.039062
8 0.603271 0.369141 0.007324 0.023438
9 0.565186 0.341309 0.025879 0.006836
9 0.578369 0.400391 0.004395 0.011719
9 0.582520 0.381836 0.006836 0.013672
9 0.582520 0.391602 0.006836 0.007812
7 0.451660 0.487793 0.085938 0.116211
1 0.451172 0.454590 0.040039 0.145508
7 0.529297 0.495117 0.096680 0.126953
1 0.520264 0.436035 0.030762 0.088867
1 0.533691 0.439941 0.046875 0.161133
8 0.624023 0.255859 0.031250 0.097656
8 0.637451 0.254395 0.018066 0.100586
9 0.639160 0.157227 0.032227 0.066406
9 0.652344 0.019531 0.094727 0.039062