2 0.689941 0.432129 0.031250 0.032227
9 0.696777 0.395996 0.004883 0.022461
9 0.661133 0.427734 0.024414 0.009766
2 0.633545 0.442383 0.024902 0.050781
2 0.606934 0.443359 0.043945 0.076172
2 0.598389 0.451660 0.037598 0.071289
2 0.563721 0.454590 0.053223 0.094727
2 0.553955 0.466797 0.049316 0.097656
2 0.507812 0.470703 0.085938 0.132812
9 0.325439 0.244141 0.041504 0.017578
9 0.358887 0.234863 0.015625 0.018555
9 0.353516 0.282227 0.021484 0.060547
9 0.353760 0.325684 0.014160 0.032227
7 0.363281 0.500000 0.039062 0.093750
2 0.259521 0.576660 0.212402 0.391602
0 0.032959 0.306641 0.065918 0.119141
0 0.100098 0.347656 0.026367 0.039062
2 0.115723 0.665527 0.231445 0.668945
2 0.771240 0.441895 0.168457 0.311523
2 0.791504 0.527832 0.085938 0.219727
2 0.885254 0.599609 0.229492 0.416016