2 0.026123 0.518555 0.052246 0.152344
9 0.015381 0.635742 0.030762 0.191406
8 0.154785 0.212891 0.039062 0.091797
8 0.192627 0.213379 0.038574 0.090820
8 0.201172 0.274414 0.040039 0.064453
2 0.327637 0.453613 0.013672 0.022461
2 0.310303 0.454590 0.020020 0.028320
4 0.369629 0.443848 0.028320 0.040039
9 0.343506 0.406250 0.015137 0.023438
2 0.426514 0.444824 0.014160 0.032227
9 0.403564 0.411133 0.007324 0.011719
8 0.404297 0.424805 0.004883 0.013672
9 0.464111 0.416016 0.006348 0.009766
9 0.478027 0.424316 0.004883 0.002930
9 0.516357 0.386719 0.016113 0.025391
1 0.489502 0.449219 0.008301 0.037109
7 0.490479 0.464355 0.002441 0.020508
9 0.673340 0.303223 0.035156 0.110352
8 0.819580 0.259766 0.024902 0.070312
7 0.863770 0.509766 0.098633 0.130859
1 0.869629 0.448242 0.038086 0.148438