9 0.530518 0.377930 0.006348 0.011719
9 0.530518 0.389160 0.006348 0.010742
2 0.546875 0.417969 0.014648 0.025391
2 0.553955 0.430176 0.021973 0.047852
7 0.566162 0.433594 0.015137 0.052734
8 0.569336 0.330078 0.014648 0.046875
8 0.574463 0.325195 0.006348 0.031250
2 0.581787 0.439941 0.037598 0.086914
2 0.583984 0.450195 0.038086 0.101562
2 0.594238 0.462402 0.017578 0.096680
2 0.478271 0.432617 0.023926 0.048828
9 0.554199 0.364258 0.010742 0.011719
9 0.553711 0.347168 0.011719 0.022461
8 0.380615 0.339844 0.011230 0.042969
8 0.374512 0.333984 0.007812 0.027344
2 0.352051 0.450684 0.054688 0.088867
2 0.323242 0.465820 0.018555 0.105469
2 0.521240 0.439941 0.059082 0.102539
2 0.444092 0.426758 0.061035 0.126953
2 0.252441 0.455566 0.142578 0.200195
2 0.163818 0.500488 0.169434 0.198242
1 0.308350 0.444824 0.035645 0.166992
7 0.307861 0.501953 0.028809 0.121094
1 0.381348 0.433594 0.038086 0.160156
7 0.376221 0.488281 0.033691 0.138672
3 0.684814 0.379395 0.197754 0.401367
2 0.793457 0.513672 0.190430 0.328125
2 0.884766 0.609863 0.230469 0.633789