9 0.563477 0.375000 0.006836 0.029297
9 0.610840 0.361816 0.012695 0.008789
9 0.612305 0.378418 0.005859 0.020508
9 0.618896 0.348145 0.014160 0.006836
7 0.491943 0.434570 0.006348 0.013672
1 0.490479 0.418945 0.006348 0.033203
2 0.524902 0.426270 0.021484 0.038086
2 0.532715 0.428223 0.028320 0.043945
2 0.623535 0.430664 0.040039 0.074219
2 0.636719 0.436523 0.023438 0.087891
9 0.653809 0.371582 0.006836 0.016602
9 0.663818 0.367188 0.008301 0.025391
9 0.681396 0.354492 0.012207 0.027344
9 0.680664 0.373535 0.013672 0.014648
2 0.655762 0.437012 0.042969 0.110352
2 0.698730 0.446289 0.083984 0.146484
9 0.709717 0.221680 0.019043 0.056641
9 0.710449 0.288086 0.029297 0.082031
9 0.710938 0.336914 0.018555 0.021484
2 0.436279 0.438965 0.022949 0.041992
2 0.439941 0.440430 0.022461 0.037109
0 0.401611 0.450195 0.013184 0.064453
9 0.417725 0.390625 0.006348 0.035156
7 0.395264 0.494629 0.020996 0.075195
9 0.390381 0.373535 0.015137 0.043945
1 0.154785 0.503906 0.034180 0.177734
7 0.158691 0.539551 0.047852 0.141602
9 0.154541 0.247559 0.031738 0.059570
9 0.155762 0.293945 0.027344 0.027344
9 0.155518 0.324707 0.026855 0.026367
2 0.446045 0.442383 0.028809 0.031250
2 0.455322 0.485840 0.060059 0.106445
2 0.270996 0.520996 0.135742 0.194336
9 0.331299 0.392578 0.020020 0.027344
9 0.520264 0.360352 0.005371 0.025391