8 0.980469 0.227051 0.035156 0.104492
8 0.977051 0.181152 0.026367 0.053711
9 0.506836 0.225098 0.033203 0.028320
9 0.557861 0.232422 0.035645 0.021484
7 0.573242 0.518066 0.063477 0.153320
1 0.572021 0.482910 0.060059 0.198242
8 0.242432 0.298340 0.021973 0.051758
2 0.135986 0.468262 0.078613 0.104492
9 0.187500 0.346191 0.014648 0.057617
0 0.181641 0.447754 0.014648 0.084961
2 0.048584 0.424316 0.031738 0.022461
9 0.021729 0.414062 0.013184 0.027344
9 0.019287 0.388672 0.010254 0.033203
2 0.021729 0.455566 0.043457 0.071289