2 0.395508 0.459473 0.006836 0.018555
2 0.368652 0.461426 0.016602 0.024414
2 0.376953 0.461914 0.014648 0.023438
8 0.018311 0.406250 0.008301 0.044922
8 0.018799 0.451172 0.008301 0.046875
2 0.063965 0.489258 0.073242 0.085938
2 0.065430 0.504395 0.060547 0.061523
3 0.309326 0.458496 0.025879 0.053711
2 0.541748 0.448730 0.008301 0.032227
0 0.533447 0.449707 0.006348 0.034180
2 0.556641 0.433105 0.025391 0.063477
6 0.558350 0.451660 0.015137 0.034180
2 0.568604 0.446777 0.012207 0.038086
9 0.557129 0.384277 0.023438 0.053711
2 0.576904 0.455566 0.023926 0.065430
2 0.585449 0.456055 0.029297 0.072266
2 0.603027 0.460449 0.035156 0.098633
2 0.638184 0.458984 0.080078 0.119141
9 0.652832 0.275391 0.057617 0.144531