9 0.206055 0.397461 0.008789 0.019531
9 0.213379 0.402344 0.005859 0.021484
9 0.549072 0.353516 0.008301 0.042969
9 0.547607 0.386719 0.009277 0.042969
0 0.568848 0.424316 0.017578 0.071289
0 0.558594 0.420410 0.010742 0.055664
2 0.195557 0.462891 0.051270 0.062500
2 0.231201 0.461426 0.041504 0.053711
2 0.262207 0.462891 0.060547 0.052734
2 0.311035 0.461914 0.038086 0.054688
2 0.364502 0.450195 0.063965 0.037109
0 0.364990 0.437012 0.006348 0.032227
2 0.343994 0.466797 0.062988 0.068359
2 0.383057 0.467773 0.034668 0.064453
2 0.395996 0.466309 0.026367 0.069336
2 0.407715 0.456055 0.027344 0.078125
2 0.471924 0.460938 0.129395 0.099609
0 0.422363 0.434570 0.020508 0.052734
2 0.467529 0.474121 0.120605 0.083008
2 0.454834 0.480957 0.078613 0.114258
0 0.445557 0.468750 0.017090 0.152344
0 0.455078 0.468750 0.019531 0.156250
9 0.531006 0.327637 0.012207 0.028320
9 0.529785 0.349121 0.009766 0.016602
9 0.535889 0.283691 0.028809 0.051758
7 0.629883 0.442383 0.025391 0.052734
8 0.594482 0.266113 0.020020 0.059570
7 0.666992 0.445312 0.016602 0.048828
7 0.687256 0.449219 0.020020 0.044922
7 0.708496 0.445312 0.032227 0.054688
7 0.757812 0.450195 0.018555 0.048828
9 0.838867 0.056641 0.018555 0.039062
9 0.863037 0.027344 0.035645 0.021484
8 0.856689 0.243164 0.061035 0.136719
7 0.862549 0.514648 0.106934 0.142578
1 0.872559 0.471191 0.045898 0.211914
9 0.118164 0.349609 0.008789 0.015625