9 0.143311 0.341309 0.012207 0.026367
9 0.195557 0.348633 0.021973 0.058594
0 0.180176 0.416992 0.025391 0.093750
9 0.250000 0.322754 0.016602 0.006836
9 0.346680 0.385742 0.005859 0.013672
9 0.357422 0.383301 0.006836 0.018555
9 0.381592 0.380371 0.006348 0.020508
9 0.386719 0.434082 0.016602 0.067383
9 0.430420 0.361816 0.013184 0.038086
2 0.520508 0.429199 0.068359 0.049805
3 0.626709 0.427246 0.077637 0.124023
2 0.676758 0.444824 0.095703 0.127930
9 0.715820 0.226074 0.054688 0.139648
9 0.326172 0.433594 0.011719 0.068359