0 0.305664 0.443359 0.008789 0.025391
4 0.472656 0.422852 0.018555 0.041016
2 0.470215 0.443359 0.025391 0.037109
2 0.494141 0.430664 0.014648 0.029297
9 0.593750 0.383789 0.007812 0.017578
9 0.580811 0.378906 0.006348 0.013672
2 0.575684 0.441895 0.037109 0.063477
2 0.580078 0.448730 0.021484 0.063477
9 0.611084 0.373047 0.008301 0.005859
2 0.648438 0.470703 0.059570 0.125000
2 0.694580 0.482910 0.090332 0.163086
2 0.522461 0.468262 0.072266 0.114258
2 0.793457 0.491699 0.175781 0.239258
2 0.384033 0.463867 0.088379 0.154297
0 0.601074 0.448242 0.014648 0.093750