2 0.397949 0.481934 0.020508 0.034180
2 0.413818 0.485840 0.020996 0.030273
8 0.358398 0.452148 0.002930 0.017578
9 0.370850 0.455078 0.008301 0.011719
9 0.371338 0.442871 0.008301 0.020508
7 0.406250 0.510742 0.026367 0.035156
9 0.594482 0.404297 0.017090 0.019531
9 0.594727 0.385742 0.017578 0.023438
9 0.598389 0.358398 0.017090 0.035156
2 0.312988 0.502930 0.043945 0.074219
2 0.361572 0.521973 0.048340 0.071289
2 0.447266 0.530273 0.074219 0.095703
9 0.833252 0.318848 0.013184 0.030273
8 0.808838 0.305664 0.023926 0.070312
2 0.630859 0.604492 0.221680 0.283203
0 0.179199 0.485840 0.006836 0.038086
0 0.128418 0.481445 0.006836 0.037109
0 0.122070 0.483887 0.005859 0.038086
2 0.226562 0.507812 0.067383 0.050781
2 0.055420 0.532715 0.051270 0.106445
2 0.026855 0.552246 0.053711 0.165039
2 0.008545 0.620117 0.017090 0.164062
8 0.195312 0.308594 0.038086 0.132812
8 0.153320 0.313965 0.010742 0.124023
8 0.134766 0.282227 0.030273 0.089844
9 0.163330 0.531250 0.048340 0.097656