2 0.493164 0.431641 0.016602 0.029297
2 0.519043 0.435059 0.016602 0.028320
2 0.540527 0.444336 0.034180 0.050781
1 0.559326 0.446777 0.031738 0.135742
7 0.557373 0.491699 0.008301 0.077148
0 0.662109 0.414551 0.006836 0.022461
0 0.646973 0.412598 0.013672 0.018555
0 0.630371 0.418945 0.008789 0.023438
9 0.627686 0.378906 0.006348 0.015625
9 0.627930 0.390137 0.006836 0.010742
2 0.662842 0.461426 0.082520 0.098633
9 0.636475 0.380859 0.012207 0.005859
0 0.636719 0.457520 0.022461 0.112305
0 0.709473 0.422852 0.011719 0.031250
0 0.718994 0.418945 0.013184 0.035156
2 0.686279 0.475098 0.083496 0.118164
9 0.729004 0.293945 0.018555 0.035156
9 0.728760 0.322754 0.020020 0.022461
9 0.737305 0.193848 0.005859 0.030273
9 0.755371 0.226074 0.047852 0.026367
7 0.718262 0.506348 0.078125 0.159180
0 0.768799 0.456055 0.052246 0.134766
7 0.830566 0.457520 0.051758 0.081055
6 0.812744 0.533203 0.153809 0.207031
7 0.831299 0.533203 0.161621 0.226562
7 0.965576 0.497070 0.068848 0.107422
1 0.597656 0.475098 0.062500 0.293945
7 0.594727 0.575195 0.045898 0.171875
2 0.471436 0.426758 0.017090 0.050781
1 0.472656 0.437012 0.007812 0.049805
7 0.470703 0.448242 0.005859 0.035156
2 0.447998 0.437012 0.020996 0.059570
0 0.499756 0.440918 0.010254 0.053711
7 0.497803 0.449219 0.016113 0.037109
2 0.444336 0.443848 0.015625 0.053711
2 0.420898 0.438965 0.047852 0.075195
0 0.390625 0.453613 0.020508 0.053711
0 0.369385 0.436035 0.017090 0.077148
0 0.354248 0.441406 0.017090 0.111328
0 0.260010 0.433105 0.014160 0.036133
0 0.255859 0.440918 0.015625 0.059570
0 0.284180 0.458496 0.030273 0.081055
0 0.184814 0.462891 0.029785 0.121094
0 0.172119 0.461426 0.033691 0.124023
0 0.030273 0.465332 0.060547 0.299805
0 0.118408 0.459961 0.047363 0.257812
0 0.144531 0.439453 0.066406 0.322266
1 0.321289 0.446289 0.046875 0.193359
7 0.326660 0.520996 0.055664 0.161133
0 0.656494 0.464844 0.024902 0.162109