9 0.295654 0.420898 0.008301 0.021484
0 0.253662 0.447754 0.008301 0.047852
0 0.261963 0.454102 0.009277 0.042969
0 0.269775 0.458008 0.014160 0.064453
7 0.198242 0.495117 0.012695 0.080078
1 0.244141 0.447266 0.012695 0.037109
7 0.243896 0.467773 0.016113 0.031250
0 0.225098 0.466797 0.010742 0.056641
0 0.208008 0.461426 0.011719 0.059570
0 0.215088 0.468262 0.013184 0.075195
0 0.099365 0.497070 0.033691 0.142578
0 0.015137 0.502441 0.030273 0.157227
0 0.042969 0.499023 0.028320 0.167969
9 0.364746 0.394043 0.016602 0.038086
7 0.290771 0.465820 0.021973 0.044922
2 0.384277 0.446289 0.027344 0.041016
2 0.345947 0.444336 0.054199 0.097656
0 0.470947 0.427734 0.010254 0.033203
0 0.524170 0.422852 0.014160 0.050781
0 0.538818 0.430176 0.014160 0.065430
0 0.518799 0.431152 0.017090 0.065430
0 0.795654 0.436035 0.030762 0.188477
0 0.822510 0.432617 0.050293 0.195312
0 0.661621 0.437988 0.043945 0.151367
1 0.425537 0.455566 0.059082 0.170898
7 0.429199 0.538086 0.027344 0.107422