2 0.611328 0.446777 0.089844 0.155273
2 0.354004 0.438477 0.036133 0.080078
2 0.357178 0.453125 0.028809 0.058594
2 0.353516 0.457520 0.027344 0.063477
2 0.336670 0.462891 0.042480 0.078125
2 0.300049 0.464844 0.068848 0.091797
2 0.074463 0.534180 0.148926 0.271484
2 0.419434 0.442871 0.016602 0.028320
2 0.454102 0.439941 0.022461 0.043945
2 0.469971 0.441406 0.027832 0.052734
2 0.485840 0.446289 0.016602 0.046875
2 0.506592 0.442871 0.036621 0.057617
2 0.544189 0.449219 0.051270 0.070312
2 0.571533 0.462891 0.018066 0.089844
2 0.611328 0.446777 0.089844 0.155273
2 0.645264 0.446777 0.109863 0.209961
0 0.658447 0.466797 0.035645 0.181641
2 0.760498 0.532227 0.134277 0.269531