2 0.554688 0.363770 0.029297 0.026367
2 0.533203 0.367188 0.021484 0.031250
2 0.469727 0.383301 0.021484 0.030273
2 0.512207 0.367188 0.020508 0.025391
2 0.510986 0.399414 0.023926 0.056641
2 0.569580 0.367188 0.011230 0.029297
2 0.574219 0.370605 0.012695 0.034180
0 0.594727 0.359863 0.008789 0.026367
2 0.584961 0.375977 0.021484 0.037109
2 0.590088 0.383789 0.020996 0.039062
2 0.601807 0.383301 0.021973 0.022461
2 0.610596 0.383789 0.020996 0.013672
2 0.622070 0.386719 0.018555 0.017578
2 0.646729 0.416992 0.031738 0.052734
9 0.450195 0.278320 0.018555 0.050781
9 0.431396 0.344238 0.010254 0.018555
9 0.410156 0.282227 0.019531 0.011719
9 0.435791 0.297852 0.010254 0.042969
9 0.521973 0.339355 0.011719 0.034180
9 0.271484 0.324707 0.012695 0.038086
2 0.503418 0.448242 0.041992 0.107422
2 0.490234 0.457031 0.044922 0.132812
9 0.675293 0.345215 0.011719 0.043945
9 0.674561 0.298828 0.013184 0.035156
9 0.696777 0.306152 0.019531 0.016602
9 0.684082 0.324707 0.032227 0.041992
2 0.615234 0.438477 0.077148 0.101562
9 0.685547 0.298340 0.011719 0.049805
2 0.700439 0.458496 0.034668 0.110352
2 0.782471 0.447266 0.146973 0.183594
2 0.793213 0.479492 0.095215 0.166016
0 0.630859 0.449707 0.028320 0.141602
0 0.765381 0.441895 0.045410 0.254883
2 0.908447 0.489746 0.181152 0.301758
2 0.453369 0.462402 0.076660 0.168945
2 0.385498 0.477539 0.129395 0.238281
2 0.316895 0.495605 0.141602 0.280273
2 0.178711 0.619629 0.359375 0.612305
2 0.976074 0.530762 0.044922 0.291992