9 0.634277 0.399902 0.008789 0.006836
9 0.659912 0.398438 0.006348 0.015625
9 0.533936 0.416016 0.010254 0.025391
9 0.535156 0.439453 0.005859 0.029297
0 0.521240 0.426758 0.006348 0.029297
9 0.444092 0.388184 0.006348 0.016602
9 0.300293 0.349121 0.010742 0.022461
9 0.311035 0.349121 0.010742 0.024414
9 0.300537 0.368652 0.010254 0.016602
9 0.311035 0.366699 0.009766 0.018555
0 0.128174 0.414062 0.020996 0.044922
2 0.406250 0.451172 0.052734 0.064453
2 0.403320 0.455078 0.044922 0.062500
2 0.360596 0.461426 0.060059 0.083008
2 0.337158 0.467285 0.063965 0.090820
2 0.291260 0.473145 0.091309 0.106445
2 0.215088 0.482422 0.111816 0.130859
2 0.154541 0.499023 0.121582 0.148438
2 0.070557 0.507812 0.141113 0.246094
9 0.711670 0.377441 0.012207 0.020508
9 0.751221 0.353516 0.008301 0.015625
9 0.758789 0.355469 0.006836 0.015625
9 0.755615 0.366699 0.006348 0.016602
9 0.755859 0.382324 0.007812 0.012695
0 0.902832 0.412598 0.018555 0.034180
2 0.595703 0.434082 0.014648 0.022461
2 0.612305 0.437012 0.013672 0.026367
2 0.565918 0.461426 0.050781 0.086914
2 0.617920 0.447266 0.018066 0.037109
2 0.631104 0.451660 0.027832 0.045898
2 0.682861 0.451660 0.018066 0.047852
2 0.693848 0.452637 0.016602 0.053711
2 0.703125 0.453125 0.018555 0.060547
2 0.721436 0.453125 0.043457 0.070312
2 0.658691 0.456543 0.043945 0.071289
2 0.845215 0.472656 0.066406 0.101562
2 0.771240 0.494141 0.127441 0.169922
2 0.900635 0.490234 0.106934 0.132812
2 0.968018 0.512207 0.061035 0.192383