2 0.382568 0.429688 0.019043 0.039062
2 0.358887 0.434570 0.030273 0.050781
0 0.246826 0.424805 0.008301 0.029297
0 0.213623 0.425293 0.007324 0.016602
9 0.210205 0.394531 0.009277 0.021484
0 0.235596 0.435547 0.011230 0.044922
0 0.224854 0.423340 0.010254 0.024414
8 0.227295 0.388184 0.007324 0.032227
8 0.235107 0.393066 0.006348 0.022461
2 0.273926 0.458496 0.083984 0.108398
9 0.460205 0.360840 0.012207 0.032227
2 0.461914 0.418945 0.013672 0.023438
8 0.467529 0.356934 0.005371 0.018555
8 0.471924 0.392090 0.006348 0.018555
2 0.471924 0.421387 0.018066 0.034180
2 0.490234 0.422852 0.016602 0.027344
8 0.586914 0.395996 0.003906 0.018555
9 0.454102 0.345703 0.008789 0.017578
8 0.453613 0.380859 0.017578 0.021484
8 0.452881 0.378418 0.005371 0.036133
9 0.443604 0.389160 0.010254 0.024414
2 0.578369 0.427246 0.022949 0.040039
2 0.613281 0.439453 0.037109 0.076172
8 0.658691 0.381836 0.006836 0.021484
9 0.666504 0.375000 0.005859 0.017578
0 0.677002 0.395996 0.004395 0.030273
9 0.678467 0.372559 0.014160 0.036133
2 0.716064 0.392090 0.047363 0.043945
9 0.794678 0.300293 0.039551 0.069336
9 0.857422 0.344727 0.024414 0.029297
9 0.851074 0.326172 0.012695 0.031250
9 0.862793 0.324219 0.011719 0.029297
8 0.620605 0.304199 0.005859 0.026367
2 0.770996 0.431152 0.028320 0.061523
2 0.803223 0.441895 0.067383 0.104492
2 0.849609 0.441895 0.057617 0.094727
9 0.922607 0.290039 0.015137 0.031250
9 0.921387 0.317383 0.020508 0.042969
2 0.747803 0.453613 0.049316 0.102539
2 0.638916 0.456543 0.064941 0.102539
2 0.698486 0.475586 0.105957 0.152344
2 0.533691 0.471191 0.100586 0.174805
9 0.988770 0.233887 0.018555 0.067383
2 0.892334 0.579102 0.211426 0.429688
7 0.048828 0.481934 0.027344 0.075195
1 0.046143 0.444336 0.023926 0.107422
8 0.507324 0.297363 0.002930 0.022461