9 0.539307 0.358398 0.017090 0.039062
2 0.485840 0.424316 0.017578 0.053711
0 0.537354 0.411133 0.011230 0.048828
2 0.549316 0.413574 0.028320 0.055664
2 0.572998 0.421875 0.035645 0.070312
2 0.582275 0.427734 0.041504 0.066406
0 0.437988 0.402344 0.008789 0.035156
2 0.461670 0.417969 0.023926 0.039062
2 0.508545 0.429199 0.046387 0.081055
0 0.623047 0.409180 0.018555 0.070312
0 0.631592 0.394043 0.012207 0.036133
0 0.652100 0.410156 0.020020 0.099609
0 0.670410 0.409668 0.019531 0.094727
9 0.598145 0.340332 0.012695 0.055664
8 0.587891 0.250000 0.020508 0.056641
8 0.590332 0.313477 0.009766 0.054688
0 0.689941 0.413574 0.015625 0.083008
0 0.735840 0.414062 0.022461 0.138672
0 0.758789 0.363281 0.016602 0.031250
0 0.210449 0.425293 0.024414 0.143555
0 0.196533 0.416016 0.024902 0.171875
7 0.170898 0.451172 0.033203 0.101562
0 0.104492 0.418945 0.044922 0.199219
0 0.013672 0.431641 0.028320 0.201172
1 0.437988 0.402344 0.008789 0.035156
7 0.436768 0.420410 0.009277 0.028320
8 0.345459 0.268066 0.021973 0.059570
8 0.343018 0.327637 0.012207 0.061523
1 0.397217 0.418457 0.020996 0.094727
7 0.395752 0.443848 0.020020 0.067383