9 0.560547 0.372559 0.010742 0.026367
8 0.577881 0.341309 0.009277 0.022461
2 0.818604 0.391602 0.019043 0.023438
2 0.840088 0.389648 0.030762 0.039062
2 0.680420 0.404785 0.030762 0.024414
2 0.729248 0.405273 0.042480 0.029297
8 0.424805 0.325195 0.008789 0.033203
8 0.160156 0.422852 0.006836 0.023438
8 0.166504 0.419922 0.005859 0.025391
8 0.204102 0.392090 0.005859 0.018555
8 0.179443 0.410645 0.010254 0.026367
9 0.583740 0.367188 0.010254 0.019531
9 0.385742 0.371582 0.009766 0.018555
8 0.221924 0.355957 0.011230 0.032227
2 0.572998 0.413086 0.030762 0.042969
2 0.551758 0.395020 0.013672 0.026367
2 0.560303 0.418945 0.029785 0.039062
0 0.584229 0.420410 0.010254 0.040039
8 0.588135 0.380859 0.012207 0.027344
9 0.589111 0.349609 0.009277 0.029297
8 0.545410 0.318359 0.006836 0.029297
9 0.645508 0.347656 0.012695 0.027344
8 0.371338 0.228027 0.012207 0.057617
9 0.285156 0.321777 0.015625 0.032227
8 0.284668 0.360352 0.009766 0.023438
8 0.523926 0.201660 0.011719 0.061523
9 0.603271 0.307129 0.023926 0.045898
8 0.617920 0.337402 0.015137 0.051758
0 0.659668 0.416992 0.022461 0.109375
8 0.724121 0.338379 0.009766 0.043945
9 0.735596 0.292969 0.029785 0.042969
8 0.742432 0.321289 0.014160 0.054688
2 0.507568 0.365723 0.082520 0.108398
2 0.537842 0.474121 0.060059 0.190430
9 0.101074 0.417480 0.009766 0.018555
9 0.023926 0.426758 0.006836 0.017578
2 0.361572 0.418457 0.057129 0.098633
2 0.197266 0.479004 0.083984 0.135742
2 0.291260 0.480957 0.145996 0.229492
2 0.105225 0.496582 0.149902 0.147461
2 0.446533 0.536133 0.223145 0.333984
2 0.076172 0.632324 0.154297 0.473633
0 0.929199 0.399414 0.058594 0.269531
0 0.877930 0.402832 0.046875 0.288086
8 0.156250 0.363281 0.006836 0.025391
8 0.175049 0.368652 0.005371 0.022461