2 0.467041 0.409668 0.056152 0.051758
2 0.420898 0.402344 0.036133 0.058594
2 0.519531 0.424316 0.055664 0.063477
2 0.536133 0.432617 0.031250 0.074219
2 0.418457 0.405273 0.039062 0.046875
2 0.426758 0.440430 0.030273 0.089844
2 0.415527 0.441895 0.039062 0.100586
2 0.554199 0.439941 0.024414 0.090820
2 0.573730 0.440918 0.058594 0.096680
7 0.418945 0.476074 0.019531 0.065430
2 0.401855 0.449707 0.032227 0.141602
2 0.366699 0.463867 0.077148 0.228516
2 0.620117 0.455566 0.067383 0.147461
2 0.666504 0.478027 0.094727 0.223633
2 0.330078 0.484863 0.083008 0.295898
2 0.773438 0.488770 0.220703 0.338867
2 0.165283 0.445312 0.332520 0.634766
2 0.898926 0.559570 0.199219 0.515625
2 0.066406 0.647461 0.132812 0.609375
7 0.532471 0.438477 0.020020 0.066406
7 0.617920 0.486816 0.024902 0.118164
1 0.509277 0.473633 0.009766 0.089844
1 0.509033 0.432129 0.029785 0.145508
7 0.617920 0.486816 0.024902 0.118164
7 0.509277 0.473633 0.009766 0.089844