8 0.459473 0.405762 0.003906 0.012695
8 0.432861 0.397949 0.007324 0.022461
2 0.480713 0.430664 0.035645 0.058594
8 0.354004 0.340332 0.007812 0.024414
0 0.416992 0.385742 0.016602 0.048828
9 0.248291 0.405273 0.005371 0.015625
9 0.302002 0.399902 0.008301 0.018555
2 0.268311 0.440430 0.020996 0.052734
2 0.261719 0.451172 0.017578 0.046875
2 0.250732 0.450195 0.023926 0.048828
9 0.201172 0.371094 0.012695 0.023438
9 0.201416 0.389648 0.010254 0.013672
0 0.173584 0.447266 0.019043 0.062500
8 0.491211 0.385254 0.008789 0.026367
8 0.514893 0.397461 0.013184 0.033203
2 0.228516 0.450684 0.039062 0.053711
2 0.535645 0.427734 0.018555 0.060547
2 0.547607 0.426270 0.021973 0.055664
2 0.553467 0.425293 0.014160 0.061523
2 0.579102 0.415039 0.042969 0.097656
2 0.589355 0.431152 0.047852 0.073242
9 0.664551 0.299805 0.012695 0.039062
9 0.079102 0.388672 0.012695 0.023438
9 0.128906 0.367676 0.011719 0.012695
8 0.740723 0.272461 0.016602 0.085938
8 0.761230 0.268555 0.026367 0.085938
8 0.317627 0.265137 0.016113 0.077148
8 0.299316 0.258301 0.007812 0.073242
7 0.623291 0.437012 0.017090 0.063477
7 0.164551 0.457520 0.017578 0.040039
9 0.664307 0.216797 0.020020 0.015625
8 0.650635 0.273438 0.022949 0.066406
7 0.210205 0.456543 0.010254 0.036133