2 0.520752 0.425293 0.008301 0.016602
2 0.490723 0.428223 0.014648 0.020508
2 0.500000 0.432617 0.011719 0.023438
2 0.510498 0.434570 0.023926 0.041016
0 0.473633 0.429688 0.004883 0.027344
2 0.446045 0.434082 0.011230 0.026367
2 0.457764 0.436523 0.020020 0.035156
0 0.482422 0.434570 0.014648 0.064453
2 0.427002 0.438477 0.020996 0.041016
2 0.535645 0.434570 0.011719 0.037109
2 0.536865 0.437500 0.010254 0.035156
2 0.553467 0.440918 0.019043 0.047852
2 0.571533 0.442383 0.041504 0.068359
9 0.545410 0.387695 0.006836 0.021484
0 0.619629 0.412109 0.013672 0.027344
0 0.597412 0.412109 0.006348 0.015625
2 0.616211 0.466797 0.032227 0.115234
2 0.664795 0.472168 0.104980 0.170898
2 0.415039 0.439941 0.011719 0.043945
2 0.406494 0.421387 0.007324 0.016602
3 0.330811 0.422852 0.058105 0.126953
2 0.301514 0.459473 0.047363 0.096680
2 0.374268 0.471680 0.089355 0.130859
2 0.265137 0.462891 0.056641 0.113281
2 0.208496 0.470215 0.092773 0.143555
2 0.123047 0.495117 0.132812 0.175781
2 0.838623 0.558594 0.245605 0.330078
2 0.926514 0.639160 0.142090 0.499023
2 0.038086 0.509766 0.076172 0.251953
1 0.470703 0.428223 0.008789 0.038086
7 0.471436 0.444336 0.008301 0.019531
8 0.529541 0.368652 0.002441 0.014648