2 0.572754 0.416016 0.021484 0.058594
2 0.533691 0.397949 0.013672 0.024414
2 0.545166 0.395508 0.014160 0.029297
2 0.546875 0.401367 0.012695 0.031250
2 0.551514 0.404297 0.010254 0.035156
2 0.520020 0.397461 0.006836 0.019531
2 0.498047 0.415039 0.018555 0.056641
2 0.487305 0.417480 0.025391 0.084961
2 0.559082 0.410156 0.017578 0.046875
2 0.568115 0.412598 0.020996 0.057617
2 0.482666 0.423828 0.014160 0.083984
2 0.421387 0.424805 0.076172 0.107422
9 0.360596 0.256836 0.017090 0.027344
9 0.359619 0.226562 0.019043 0.039062
2 0.385742 0.481445 0.101562 0.179688
2 0.259277 0.496582 0.224609 0.266602
9 0.769287 0.163574 0.025879 0.057617
7 0.118896 0.543945 0.104004 0.144531
9 0.884521 0.064453 0.070801 0.126953
2 0.065186 0.727051 0.130371 0.538086
7 0.816406 0.446777 0.035156 0.114258
2 0.575684 0.431641 0.015625 0.074219
2 0.608643 0.415039 0.061035 0.130859
2 0.615723 0.432617 0.047852 0.113281
2 0.619629 0.451172 0.034180 0.142578
2 0.692871 0.435547 0.143555 0.234375
7 0.659668 0.496582 0.043945 0.172852
7 0.703125 0.520020 0.071289 0.237305
7 0.795166 0.572754 0.103027 0.276367