2 0.992676 0.456055 0.011719 0.062500
2 0.965576 0.452148 0.048340 0.093750
2 0.959717 0.470215 0.034668 0.083008
2 0.991211 0.487793 0.014648 0.120117
0 0.890869 0.432129 0.011230 0.045898
2 0.917236 0.484375 0.080566 0.123047
8 0.885742 0.319824 0.027344 0.092773
0 0.667969 0.475098 0.046875 0.208008
0 0.694580 0.488281 0.053223 0.201172
0 0.583008 0.474609 0.053711 0.193359
9 0.228271 0.085938 0.020996 0.019531
9 0.256104 0.105957 0.020020 0.030273
8 0.220459 0.254395 0.033691 0.125977
8 0.250488 0.252441 0.027344 0.131836
9 0.071777 0.253418 0.028320 0.143555
0 0.305908 0.541504 0.070801 0.233398
7 0.756836 0.500000 0.028320 0.095703
7 0.736816 0.518066 0.049805 0.116211
1 0.734375 0.484375 0.035156 0.167969
7 0.124023 0.529785 0.086914 0.147461
7 0.102051 0.534668 0.088867 0.149414