8 0.452148 0.390137 0.008789 0.030273
8 0.456055 0.361816 0.019531 0.038086
2 0.466797 0.414062 0.015625 0.021484
2 0.442383 0.424805 0.041016 0.042969
2 0.487793 0.428223 0.021484 0.032227
2 0.520996 0.437012 0.018555 0.034180
9 0.547119 0.386230 0.010254 0.038086
0 0.558105 0.426270 0.018555 0.047852
2 0.500000 0.444336 0.031250 0.062500
2 0.422363 0.451660 0.038086 0.083008
9 0.242432 0.396484 0.004395 0.019531
0 0.237061 0.443848 0.007324 0.022461
0 0.201904 0.457520 0.013184 0.053711
8 0.199707 0.411621 0.008789 0.026367
2 0.219727 0.478027 0.044922 0.055664
0 0.114258 0.447754 0.008789 0.016602
2 0.105225 0.480469 0.040527 0.064453
2 0.146729 0.485352 0.074707 0.072266
2 0.044434 0.482910 0.090820 0.090820
2 0.006592 0.489746 0.013184 0.096680
8 0.538574 0.302246 0.007812 0.024414
9 0.578857 0.358887 0.009277 0.043945
8 0.576904 0.389160 0.005371 0.022461
2 0.541504 0.458984 0.046875 0.078125
2 0.584961 0.442871 0.033203 0.061523
2 0.597412 0.457031 0.030762 0.103516
2 0.462891 0.467773 0.062500 0.089844
0 0.676514 0.403809 0.006348 0.016602
0 0.692871 0.418457 0.010742 0.069336
0 0.685791 0.419922 0.016113 0.078125
0 0.705566 0.420898 0.012695 0.097656
0 0.722168 0.417969 0.020508 0.093750
0 0.742432 0.418945 0.017090 0.087891
0 0.755371 0.417969 0.019531 0.103516
0 0.770752 0.414062 0.018066 0.093750
9 0.661865 0.285156 0.072754 0.042969
2 0.643311 0.475586 0.105957 0.169922
0 0.793701 0.422852 0.023926 0.123047
0 0.853027 0.414062 0.015625 0.140625
2 0.329346 0.485352 0.188965 0.275391
8 0.253418 0.317383 0.004883 0.023438
8 0.446045 0.297852 0.007324 0.033203