2 0.534912 0.396484 0.006348 0.017578
8 0.472656 0.329102 0.005859 0.015625
8 0.501709 0.311523 0.003418 0.017578
8 0.532959 0.310547 0.002441 0.017578
2 0.549805 0.394531 0.006836 0.011719
2 0.542969 0.395508 0.013672 0.019531
2 0.557861 0.398438 0.011230 0.017578
8 0.588135 0.361328 0.004395 0.017578
8 0.591309 0.362305 0.005859 0.019531
9 0.601562 0.358887 0.007812 0.012695
9 0.620117 0.311035 0.025391 0.018555
9 0.620117 0.291504 0.024414 0.016602
2 0.567871 0.406738 0.019531 0.030273
9 0.620605 0.331055 0.024414 0.019531
2 0.538330 0.424316 0.037598 0.053711
2 0.512207 0.400391 0.012695 0.019531
2 0.497559 0.393066 0.007812 0.014648
2 0.485107 0.400879 0.017090 0.022461
2 0.500000 0.409180 0.022461 0.039062
3 0.443848 0.384277 0.064453 0.084961
2 0.385986 0.392090 0.033691 0.036133
8 0.377930 0.390625 0.002930 0.044922
8 0.377441 0.364746 0.003906 0.014648
0 0.375977 0.399902 0.004883 0.028320
0 0.368652 0.398926 0.003906 0.026367
9 0.388672 0.365723 0.008789 0.014648
8 0.332275 0.172363 0.009277 0.051758
9 0.011719 0.339844 0.019531 0.039062
9 0.010742 0.291992 0.014648 0.031250
3 0.193604 0.392090 0.195801 0.325195
2 0.296143 0.502930 0.142090 0.181641
2 0.428223 0.422363 0.036133 0.065430
9 0.633301 0.353516 0.006836 0.007812
2 0.662842 0.449219 0.080566 0.111328
8 0.701172 0.296875 0.017578 0.048828
8 0.561035 0.149414 0.011719 0.056641
0 0.728027 0.416504 0.017578 0.090820
8 0.472412 0.329590 0.005371 0.016602
2 0.079590 0.405273 0.033203 0.015625