9 0.560547 0.389648 0.004883 0.015625
8 0.562988 0.400879 0.002930 0.008789
5 0.518311 0.412598 0.029785 0.024414
8 0.480713 0.382812 0.001465 0.011719
8 0.476318 0.384277 0.001465 0.008789
2 0.439453 0.431641 0.010742 0.023438
2 0.430908 0.432617 0.017090 0.025391
2 0.414551 0.428711 0.023438 0.042969
2 0.410400 0.439941 0.011230 0.024414
2 0.403564 0.439941 0.012207 0.028320
2 0.399170 0.440430 0.012207 0.031250
2 0.388672 0.439453 0.022461 0.041016
2 0.378418 0.448730 0.029297 0.041992
2 0.350098 0.449707 0.022461 0.040039
2 0.334229 0.450684 0.025879 0.045898
2 0.314453 0.448242 0.030273 0.054688
2 0.308350 0.456055 0.035645 0.048828
5 0.150635 0.356934 0.301270 0.520508
9 0.497070 0.446777 0.004883 0.028320
2 0.532471 0.421875 0.008301 0.015625
0 0.539795 0.436035 0.012207 0.041992
2 0.564209 0.422363 0.014160 0.016602
2 0.561768 0.433594 0.016113 0.027344
2 0.572510 0.430176 0.006348 0.040039
9 0.583252 0.380859 0.004395 0.013672
9 0.597900 0.387695 0.004395 0.007812
9 0.597656 0.398926 0.003906 0.006836
9 0.593018 0.399414 0.003418 0.005859
9 0.577637 0.342773 0.033203 0.037109
9 0.603271 0.389648 0.003418 0.007812
9 0.603516 0.400391 0.003906 0.009766
9 0.703613 0.335449 0.010742 0.028320
9 0.704102 0.355957 0.006836 0.010742
9 0.704102 0.368164 0.006836 0.007812
9 0.645752 0.353027 0.009277 0.006836
9 0.645508 0.360840 0.003906 0.006836
9 0.621338 0.359863 0.019043 0.010742
9 0.614746 0.371094 0.005859 0.011719
9 0.618896 0.378418 0.007324 0.012695
9 0.614746 0.381348 0.005859 0.004883
9 0.614258 0.388672 0.004883 0.005859
9 0.619873 0.391113 0.005371 0.012695
0 0.603760 0.420410 0.004395 0.016602
0 0.650879 0.422852 0.011719 0.033203
2 0.582520 0.427246 0.022461 0.051758
2 0.594482 0.443848 0.023926 0.049805
2 0.600098 0.447754 0.026367 0.053711
2 0.606201 0.453613 0.013184 0.053711
2 0.625244 0.456543 0.045410 0.069336
2 0.672607 0.467285 0.073730 0.104492
2 0.902588 0.558594 0.193848 0.279297