5 0.488770 0.428711 0.026367 0.060547
8 0.443115 0.347168 0.013184 0.034180
8 0.448975 0.325684 0.008301 0.018555
8 0.468506 0.354492 0.009277 0.042969
8 0.545410 0.336914 0.004883 0.015625
9 0.502930 0.379395 0.010742 0.036133
0 0.477051 0.439941 0.014648 0.069336
2 0.386230 0.440430 0.025391 0.044922
2 0.382568 0.456543 0.022949 0.051758
2 0.369141 0.458496 0.026367 0.057617
2 0.344238 0.458496 0.046875 0.063477
9 0.296143 0.358887 0.005371 0.028320
9 0.296143 0.314453 0.005371 0.023438
8 0.300537 0.356445 0.012207 0.033203
9 0.280518 0.296387 0.020996 0.022461
9 0.282959 0.370605 0.011230 0.055664
9 0.196777 0.367676 0.011719 0.018555
9 0.196533 0.340820 0.016113 0.037109
8 0.020996 0.310547 0.016602 0.087891
8 0.011963 0.309082 0.013184 0.086914
8 0.017822 0.193848 0.017090 0.088867
8 0.005371 0.193359 0.010742 0.089844
8 0.070801 0.365234 0.014648 0.052734
8 0.083740 0.365234 0.010254 0.048828
2 0.436768 0.467773 0.092285 0.125000
9 0.614258 0.427734 0.008789 0.042969
8 0.638428 0.354492 0.007324 0.017578
8 0.640137 0.336426 0.007812 0.030273
9 0.625977 0.361816 0.012695 0.026367
9 0.757324 0.295410 0.025391 0.012695
9 0.754395 0.314941 0.023438 0.018555
9 0.754883 0.335938 0.012695 0.025391
9 0.707031 0.228516 0.003906 0.042969
9 0.675049 0.259766 0.011230 0.033203
9 0.674561 0.299316 0.009277 0.034180
9 0.674561 0.328613 0.007324 0.030273
8 0.681885 0.328125 0.008301 0.042969
8 0.487793 0.006836 0.022461 0.013672
8 0.655518 0.278320 0.016113 0.091797
9 0.685547 0.203125 0.037109 0.041016
8 0.665283 0.277832 0.012207 0.092773
9 0.689209 0.269043 0.026855 0.057617
2 0.554199 0.495605 0.125977 0.211914
2 0.768799 0.507324 0.165527 0.274414
2 0.886963 0.596680 0.226074 0.554688
8 0.489502 0.385254 0.002441 0.012695
8 0.529297 0.385254 0.002930 0.014648