2 0.268066 0.476562 0.104492 0.130859
2 0.043701 0.391602 0.087402 0.607422
2 0.443359 0.450195 0.011719 0.029297
2 0.436523 0.450684 0.014648 0.034180
2 0.417480 0.435547 0.036133 0.080078
2 0.412842 0.456543 0.023926 0.043945
2 0.385010 0.455566 0.047363 0.061523
2 0.552490 0.447754 0.014160 0.041992
2 0.573975 0.441895 0.043457 0.047852
2 0.577881 0.451660 0.052246 0.057617
2 0.599121 0.452637 0.037109 0.086914
2 0.655029 0.442871 0.110840 0.118164
2 0.720459 0.452148 0.106934 0.126953
2 0.762451 0.473633 0.179199 0.179688
2 0.859863 0.468750 0.280273 0.314453