2 0.468750 0.442871 0.019531 0.043945
2 0.452393 0.443359 0.027832 0.058594
2 0.447510 0.449219 0.028809 0.052734
9 0.552734 0.386719 0.008789 0.017578
8 0.519531 0.320312 0.005859 0.025391
8 0.547363 0.386719 0.004883 0.021484
2 0.432861 0.454590 0.020020 0.073242
2 0.415771 0.447266 0.034668 0.101562
2 0.375244 0.453125 0.064941 0.125000
2 0.312256 0.478027 0.097168 0.149414
2 0.250000 0.500977 0.104492 0.191406
2 0.123535 0.528809 0.200195 0.258789
2 0.017334 0.558594 0.034668 0.396484
9 0.654053 0.326660 0.010254 0.032227
0 0.487061 0.456543 0.057129 0.170898
0 0.495850 0.450684 0.054199 0.180664