2 0.815186 0.481934 0.128418 0.114258
9 0.926025 0.166504 0.044434 0.083008
8 0.890625 0.165527 0.023438 0.098633
9 0.857910 0.318848 0.015625 0.034180
9 0.858154 0.346191 0.015137 0.030273
7 0.754883 0.496094 0.032227 0.083984
9 0.781250 0.240234 0.016602 0.052734
9 0.751221 0.283691 0.016113 0.045898
9 0.751709 0.339355 0.026855 0.069336
8 0.780518 0.068359 0.026855 0.113281
9 0.784668 0.188477 0.016602 0.062500
8 0.784424 0.293457 0.025879 0.094727
9 0.768066 0.255859 0.010742 0.064453
9 0.864502 0.490234 0.018066 0.080078
2 0.968262 0.523926 0.063477 0.114258
2 0.464844 0.461426 0.028320 0.036133
2 0.540039 0.448242 0.027344 0.015625
2 0.523438 0.459473 0.018555 0.036133
2 0.553223 0.453613 0.009766 0.030273
2 0.503174 0.471680 0.042480 0.066406
0 0.404785 0.473145 0.010742 0.036133
2 0.249756 0.481934 0.081543 0.059570
2 0.341309 0.514648 0.141602 0.197266
2 0.041748 0.769043 0.083496 0.430664
8 0.038818 0.037598 0.018066 0.069336
0 0.657227 0.463379 0.014648 0.071289
7 0.579346 0.492188 0.051270 0.056641
9 0.604980 0.390137 0.006836 0.057617
9 0.568115 0.367676 0.010254 0.036133
9 0.612549 0.349121 0.010254 0.012695
9 0.611816 0.380859 0.010742 0.029297