2 0.207275 0.474121 0.061035 0.110352
2 0.316406 0.471191 0.031250 0.055664
2 0.291992 0.474121 0.048828 0.059570
2 0.095215 0.491211 0.101562 0.109375
9 0.604004 0.355469 0.019531 0.011719
2 0.528809 0.452637 0.016602 0.032227
2 0.555420 0.427246 0.044434 0.038086
9 0.684082 0.304688 0.005859 0.091797
9 0.582764 0.347656 0.015137 0.027344
9 0.583008 0.373047 0.010742 0.021484
9 0.555420 0.371582 0.008301 0.016602
9 0.555420 0.390137 0.007324 0.014648
9 0.560303 0.379395 0.008301 0.014648
9 0.551758 0.383301 0.007812 0.014648
9 0.560547 0.368164 0.014648 0.011719
9 0.530029 0.417969 0.005371 0.023438
8 0.524902 0.418457 0.002930 0.014648
8 0.499756 0.375488 0.004395 0.016602
2 0.499268 0.456055 0.024902 0.041016
9 0.638184 0.349121 0.013672 0.073242
9 0.776855 0.262695 0.027344 0.142578
2 0.860352 0.526855 0.279297 0.409180