0 0.089600 0.443848 0.011230 0.024414
2 0.085449 0.477051 0.041016 0.055664
2 0.121338 0.468262 0.060059 0.065430
2 0.158447 0.465820 0.055176 0.054688
2 0.195557 0.472168 0.057129 0.063477
0 0.234863 0.432617 0.010742 0.031250
2 0.231689 0.471191 0.056152 0.065430
2 0.268311 0.469238 0.054199 0.067383
2 0.309570 0.465820 0.051758 0.070312
2 0.351562 0.466797 0.060547 0.074219
2 0.397705 0.462402 0.066895 0.073242
2 0.441406 0.442383 0.039062 0.046875
2 0.509521 0.451172 0.058105 0.078125
9 0.557861 0.331055 0.010254 0.019531
0 0.789062 0.420410 0.016602 0.061523
9 0.631104 0.381836 0.007324 0.013672
9 0.630615 0.355469 0.008301 0.037109
9 0.628174 0.303711 0.042480 0.027344
9 0.627441 0.327637 0.042969 0.030273
9 0.680908 0.290527 0.024902 0.026367
9 0.685791 0.314941 0.008301 0.028320
9 0.702881 0.305664 0.016113 0.025391
9 0.695557 0.333984 0.018066 0.019531
0 0.830811 0.387695 0.007324 0.037109
0 0.845459 0.420410 0.018066 0.092773
0 0.843018 0.417480 0.020996 0.102539
0 0.869385 0.434570 0.018066 0.033203
2 0.942627 0.458496 0.114746 0.147461
9 0.978271 0.173340 0.043457 0.036133
9 0.926514 0.224121 0.056152 0.065430
0 0.828125 0.459961 0.028320 0.173828
0 0.814941 0.454590 0.045898 0.184570
9 0.710449 0.190430 0.027344 0.035156
9 0.710205 0.134766 0.039551 0.078125
9 0.709229 0.258789 0.020996 0.099609
9 0.773926 0.153809 0.114258 0.075195
2 0.469482 0.469238 0.121582 0.100586
9 0.253418 0.290039 0.026367 0.023438
9 0.374268 0.206543 0.026855 0.051758
9 0.375244 0.245605 0.018066 0.022461
9 0.376465 0.294922 0.037109 0.070312
9 0.210693 0.159668 0.049316 0.106445