2 0.477051 0.434570 0.010742 0.017578
2 0.433105 0.432617 0.013672 0.023438
2 0.451416 0.427734 0.014160 0.017578
2 0.452881 0.437500 0.015137 0.023438
8 0.493408 0.358887 0.004395 0.016602
9 0.518311 0.364258 0.006348 0.013672
2 0.513428 0.436035 0.020020 0.043945
2 0.544434 0.421875 0.075195 0.074219
2 0.549316 0.434082 0.065430 0.065430
2 0.546631 0.440430 0.045410 0.062500
2 0.550293 0.441895 0.025391 0.059570
2 0.558838 0.439941 0.028809 0.063477
2 0.571045 0.447754 0.045410 0.083008
0 0.631836 0.395508 0.004883 0.015625
0 0.661621 0.404297 0.013672 0.050781
2 0.607910 0.424316 0.066406 0.049805
2 0.604004 0.451660 0.078125 0.100586
9 0.606445 0.339355 0.004883 0.016602
9 0.606445 0.357910 0.005859 0.024414
2 0.674805 0.447754 0.049805 0.088867
7 0.626709 0.461426 0.032715 0.059570
7 0.657227 0.451172 0.011719 0.068359
9 0.685059 0.343750 0.005859 0.041016
8 0.585693 0.282715 0.016113 0.077148
7 0.688477 0.468262 0.073242 0.112305
8 0.982422 0.222656 0.016602 0.103516
9 0.979248 0.106934 0.020020 0.053711
2 0.380859 0.430176 0.016602 0.018555
2 0.372070 0.437500 0.025391 0.035156
2 0.362061 0.436035 0.010254 0.036133
2 0.356445 0.436035 0.012695 0.040039
7 0.356445 0.449219 0.009766 0.021484
2 0.400146 0.439453 0.036621 0.056641
2 0.340576 0.439453 0.014160 0.048828
2 0.284668 0.431641 0.032227 0.042969
8 0.872314 0.049316 0.054199 0.096680
8 0.921387 0.030762 0.043945 0.059570
2 0.268066 0.449707 0.047852 0.079102
2 0.194824 0.447266 0.125977 0.117188
7 0.144043 0.464355 0.032227 0.077148
7 0.104736 0.468262 0.018066 0.071289
0 0.029297 0.418945 0.037109 0.197266
8 0.189697 0.289062 0.015137 0.068359
8 0.185303 0.282227 0.018066 0.076172
2 0.313477 0.455078 0.063477 0.095703
0 0.347656 0.448242 0.016602 0.097656