2 0.790771 0.443359 0.110840 0.085938
0 0.587646 0.421875 0.025879 0.115234
0 0.614502 0.424316 0.026855 0.112305
9 0.561768 0.420410 0.016113 0.069336
9 0.620361 0.195312 0.056152 0.054688
8 0.612061 0.244141 0.009277 0.025391
8 0.626465 0.264648 0.016602 0.074219
9 0.534912 0.185547 0.007324 0.027344
9 0.559814 0.218262 0.013184 0.014648
9 0.559814 0.205566 0.038574 0.024414
9 0.537354 0.321777 0.010254 0.034180
8 0.530518 0.265137 0.011230 0.065430
8 0.537598 0.242188 0.013672 0.031250
2 0.465576 0.403809 0.034668 0.063477
7 0.472168 0.423828 0.023438 0.044922
9 0.465576 0.285156 0.010254 0.025391
9 0.465332 0.315430 0.010742 0.029297
9 0.465088 0.300293 0.011230 0.012695
9 0.464844 0.332031 0.010742 0.013672
2 0.355957 0.382812 0.019531 0.039062
2 0.413086 0.437988 0.100586 0.161133
2 0.194824 0.389648 0.037109 0.050781
2 0.194092 0.395508 0.021973 0.046875
2 0.189941 0.397461 0.007812 0.029297
2 0.170654 0.393555 0.038574 0.054688
2 0.171143 0.396484 0.025879 0.046875
2 0.159668 0.399902 0.035156 0.051758
2 0.144531 0.399414 0.039062 0.060547
2 0.143066 0.402344 0.025391 0.058594
2 0.129639 0.405762 0.032715 0.061523
2 0.094238 0.395508 0.070312 0.083984
2 0.064209 0.400879 0.087402 0.075195
2 0.284180 0.381836 0.005859 0.039062
3 0.269775 0.368164 0.029785 0.072266
2 0.257080 0.390137 0.023926 0.040039
2 0.223633 0.396973 0.035156 0.045898
0 0.288574 0.387207 0.005859 0.028320