9 0.592529 0.334473 0.015137 0.047852
9 0.601074 0.314453 0.012695 0.039062
2 0.586182 0.442383 0.014160 0.062500
2 0.617676 0.400879 0.051758 0.071289
2 0.602051 0.445801 0.032227 0.094727
2 0.635254 0.444336 0.063477 0.126953
8 0.525391 0.288574 0.008789 0.030273
2 0.381348 0.436035 0.016602 0.043945
2 0.364258 0.438477 0.012695 0.042969
2 0.353027 0.441406 0.027344 0.050781
2 0.329590 0.444824 0.033203 0.055664
2 0.308838 0.448730 0.035645 0.059570
2 0.282227 0.454590 0.041992 0.067383
2 0.250244 0.458008 0.040527 0.080078
2 0.208496 0.462402 0.072266 0.092773
0 0.372314 0.453125 0.024902 0.097656
0 0.328857 0.455566 0.020996 0.098633
9 0.670898 0.307129 0.008789 0.055664
9 0.669922 0.274902 0.008789 0.026367
9 0.685059 0.300781 0.010742 0.027344
9 0.685059 0.274902 0.010742 0.026367
0 0.694824 0.388184 0.017578 0.049805
9 0.481689 0.389648 0.007324 0.025391
8 0.502441 0.015625 0.024414 0.031250
8 0.655762 0.276855 0.012695 0.051758
9 0.651367 0.155273 0.025391 0.050781
2 0.675293 0.465332 0.109375 0.157227
2 0.841309 0.514160 0.263672 0.344727