2 0.506836 0.432617 0.013672 0.019531
2 0.522217 0.434570 0.014160 0.023438
9 0.549316 0.397949 0.010742 0.028320
8 0.528320 0.384766 0.002930 0.009766
8 0.544922 0.355469 0.004883 0.017578
5 0.458740 0.397461 0.052246 0.130859
8 0.422119 0.397461 0.004395 0.019531
8 0.444824 0.337891 0.005859 0.021484
7 0.386719 0.446777 0.004883 0.026367
9 0.118896 0.312012 0.014160 0.034180
7 0.340820 0.450195 0.008789 0.035156
9 0.341309 0.385742 0.006836 0.015625
9 0.421631 0.434082 0.010254 0.045898
9 0.484131 0.380371 0.011230 0.014648
9 0.484131 0.364258 0.013184 0.023438
9 0.495361 0.369141 0.009277 0.019531
9 0.578857 0.407715 0.007324 0.014648
2 0.544434 0.438965 0.017578 0.032227
9 0.574951 0.384277 0.011230 0.018555
2 0.565186 0.438477 0.016113 0.029297
2 0.548828 0.439453 0.021484 0.037109
9 0.590332 0.385254 0.003906 0.010742
8 0.589844 0.401367 0.002930 0.015625
8 0.559082 0.341797 0.004883 0.019531
9 0.587158 0.366211 0.009277 0.005859
9 0.591797 0.374512 0.007812 0.004883
8 0.587158 0.399902 0.003418 0.016602
8 0.602051 0.410156 0.001953 0.011719
8 0.607910 0.406738 0.003906 0.010742
0 0.639404 0.435547 0.011230 0.064453
0 0.625488 0.439941 0.013672 0.069336
9 0.674561 0.371094 0.006348 0.033203
9 0.686523 0.376953 0.012695 0.019531
9 0.666016 0.285156 0.044922 0.109375
9 0.769043 0.241211 0.018555 0.039062
9 0.769287 0.213867 0.016113 0.023438
9 0.768799 0.188477 0.017090 0.031250
9 0.769775 0.155273 0.019043 0.052734
2 0.745361 0.504883 0.164551 0.279297
2 0.902100 0.653320 0.195801 0.628906