2 0.022461 0.509766 0.044922 0.111328
2 0.122070 0.504395 0.118164 0.102539
1 0.166748 0.490234 0.054199 0.150391
8 0.274902 0.261230 0.012695 0.114258
9 0.274414 0.092285 0.008789 0.024414
9 0.272949 0.070312 0.011719 0.044922
8 0.294434 0.262695 0.024414 0.113281
7 0.393555 0.480957 0.042969 0.059570
8 0.413574 0.010254 0.014648 0.020508
9 0.542725 0.314453 0.005371 0.007812
9 0.542480 0.306641 0.020508 0.015625
9 0.565186 0.324219 0.006348 0.007812
9 0.564453 0.317383 0.021484 0.013672
8 0.559814 0.360352 0.011230 0.046875
8 0.549805 0.347168 0.005859 0.016602
2 0.718262 0.456543 0.147461 0.137695
0 0.633057 0.472168 0.110840 0.420898
8 0.809814 0.318359 0.013184 0.052734
9 0.817383 0.269531 0.019531 0.013672
8 0.725586 0.159668 0.011719 0.063477
8 0.824219 0.300293 0.016602 0.065430
9 0.847412 0.275391 0.023926 0.050781
8 0.838623 0.296387 0.014160 0.077148
9 0.847656 0.211914 0.035156 0.025391
2 0.870850 0.487793 0.241699 0.319336