9 0.628662 0.383301 0.006348 0.018555
9 0.694824 0.353516 0.008789 0.021484
9 0.726074 0.339355 0.016602 0.049805
9 0.753662 0.351074 0.011230 0.014648
9 0.753174 0.333984 0.013184 0.023438
9 0.811523 0.228516 0.068359 0.142578
9 0.834961 0.303711 0.009766 0.029297
4 0.560303 0.415039 0.013184 0.056641
4 0.580078 0.413086 0.038086 0.074219
2 0.323242 0.443359 0.016602 0.027344
2 0.314453 0.443359 0.014648 0.029297
2 0.304443 0.444336 0.020996 0.031250
2 0.293701 0.446777 0.014160 0.032227
2 0.284424 0.447266 0.018066 0.033203
2 0.274902 0.446777 0.019531 0.041992
2 0.253906 0.450195 0.032227 0.039062
2 0.234131 0.444336 0.030762 0.029297
2 0.206543 0.439941 0.019531 0.018555
2 0.174805 0.445312 0.049805 0.074219
7 0.064453 0.473145 0.025391 0.047852
9 0.101807 0.341797 0.014160 0.042969
8 0.047607 0.073242 0.011230 0.041016
8 0.123779 0.318359 0.017090 0.070312
8 0.521484 0.366699 0.002930 0.012695
8 0.503418 0.402344 0.002930 0.015625
8 0.245117 0.290039 0.016602 0.087891
9 0.286377 0.285645 0.038574 0.071289
8 0.432129 0.303711 0.011719 0.058594
2 0.513916 0.427734 0.014160 0.023438