9 0.577148 0.373535 0.014648 0.030273
9 0.625000 0.371582 0.018555 0.016602
9 0.622803 0.336426 0.018066 0.045898
9 0.839111 0.213379 0.021973 0.061523
9 0.836914 0.152344 0.022461 0.072266
9 0.834717 0.093750 0.022949 0.060547
9 0.450684 0.386230 0.009766 0.024414
9 0.283203 0.376953 0.005859 0.023438
9 0.206299 0.280273 0.015137 0.027344
9 0.183105 0.309570 0.029297 0.029297
9 0.103760 0.359375 0.010254 0.025391
9 0.103027 0.320801 0.013672 0.043945
2 0.476074 0.443359 0.016602 0.031250
2 0.427490 0.442383 0.039551 0.060547
2 0.416504 0.458008 0.028320 0.054688
2 0.455078 0.455078 0.051758 0.064453
2 0.587646 0.453125 0.033691 0.080078
2 0.592041 0.458496 0.033691 0.086914
2 0.618652 0.465332 0.053711 0.129883
2 0.626953 0.479980 0.035156 0.139648
2 0.697510 0.470215 0.147949 0.250977
2 0.807129 0.532227 0.226562 0.324219
2 0.917236 0.611816 0.165527 0.557617
2 0.050293 0.532227 0.100586 0.250000