7 0.070557 0.458008 0.023926 0.060547
7 0.084961 0.470215 0.023438 0.038086
7 0.007568 0.456543 0.014160 0.053711
1 0.008301 0.428711 0.016602 0.070312
9 0.500244 0.345215 0.016113 0.022461
2 0.688477 0.429199 0.042969 0.053711
2 0.723633 0.434570 0.035156 0.054688
8 0.465820 0.040527 0.022461 0.079102
9 0.644775 0.156250 0.010254 0.042969
9 0.659912 0.211426 0.032715 0.040039
8 0.635986 0.258301 0.019043 0.079102
0 0.843262 0.400391 0.014648 0.078125
0 0.956055 0.419434 0.035156 0.124023
0 0.885254 0.408203 0.025391 0.123047
0 0.867432 0.399902 0.022949 0.116211
0 0.911621 0.424316 0.026367 0.116211
0 0.888916 0.411133 0.027832 0.138672
8 0.214600 0.313477 0.024902 0.072266
8 0.269287 0.260742 0.025879 0.076172
0 0.202148 0.447754 0.021484 0.155273
0 0.157471 0.446289 0.020020 0.160156
0 0.188232 0.454102 0.018066 0.158203
0 0.169189 0.458008 0.030762 0.152344
2 0.288574 0.489258 0.177734 0.263672
2 0.550781 0.624023 0.345703 0.535156