4 0.350586 0.437988 0.018555 0.032227
2 0.192383 0.456055 0.053711 0.031250
9 0.104004 0.396484 0.009766 0.017578
9 0.046875 0.388672 0.019531 0.009766
2 0.366455 0.458496 0.066895 0.057617
9 0.443359 0.442383 0.009766 0.019531
9 0.466064 0.372559 0.007324 0.014648
8 0.459717 0.378906 0.005371 0.027344
9 0.458984 0.431641 0.009766 0.035156
8 0.375732 0.378418 0.011230 0.040039
8 0.386230 0.369141 0.006836 0.037109
8 0.383057 0.367188 0.007324 0.041016
9 0.381104 0.305664 0.014160 0.015625
9 0.381836 0.328613 0.016602 0.028320
8 0.381592 0.275879 0.010254 0.041992
8 0.327148 0.362305 0.008789 0.035156
8 0.408447 0.186523 0.013184 0.054688
8 0.195557 0.301758 0.009277 0.033203
9 0.231934 0.337402 0.011719 0.026367
8 0.229492 0.380371 0.007812 0.038086
8 0.234375 0.380371 0.007812 0.038086
9 0.231445 0.289062 0.045898 0.033203
9 0.321289 0.328125 0.017578 0.021484
9 0.321533 0.356934 0.020020 0.040039
2 0.552002 0.426758 0.020020 0.027344
8 0.572021 0.384277 0.004395 0.022461
9 0.583984 0.352051 0.015625 0.008789
8 0.575439 0.384277 0.004395 0.024414
9 0.601318 0.379395 0.006348 0.018555
8 0.613770 0.357910 0.006836 0.036133
9 0.697998 0.348633 0.014160 0.009766
9 0.843506 0.284668 0.013184 0.018555
2 0.938477 0.399902 0.073242 0.053711
9 0.751221 0.243652 0.012207 0.045898
9 0.750732 0.334961 0.012207 0.031250
2 0.536865 0.446289 0.032715 0.056641
2 0.567383 0.449707 0.040039 0.077148
2 0.505615 0.453125 0.048340 0.072266
2 0.672363 0.445312 0.056641 0.101562
0 0.681885 0.430664 0.023926 0.083984
2 0.614258 0.472656 0.087891 0.125000
2 0.889404 0.437988 0.221191 0.334961
3 0.889404 0.437988 0.221191 0.334961
2 0.773438 0.513184 0.232422 0.311523