8 0.534424 0.398926 0.003418 0.010742
2 0.553223 0.433105 0.015625 0.020508
9 0.552246 0.403320 0.009766 0.015625
2 0.561768 0.437988 0.025879 0.038086
2 0.575684 0.440430 0.034180 0.046875
2 0.594727 0.445312 0.041992 0.054688
2 0.619385 0.438477 0.062988 0.101562
9 0.819824 0.278320 0.006836 0.031250
9 0.819580 0.311523 0.007324 0.037109
9 0.819336 0.342773 0.006836 0.025391
2 0.758301 0.471680 0.245117 0.166016
2 0.884277 0.514160 0.231445 0.313477
2 0.514648 0.437500 0.046875 0.041016
2 0.465332 0.442871 0.010742 0.034180
2 0.453857 0.437500 0.022949 0.041016
3 0.421875 0.421387 0.052734 0.122070
2 0.089844 0.519043 0.179688 0.282227
9 0.819824 0.278320 0.006836 0.031250
9 0.819336 0.342773 0.006836 0.025391