9 0.505371 0.400879 0.009766 0.022461
9 0.516357 0.400391 0.007324 0.017578
9 0.550293 0.346680 0.012695 0.011719
9 0.545166 0.359863 0.009277 0.020508
9 0.545654 0.379883 0.014160 0.025391
9 0.579590 0.368652 0.006836 0.032227
9 0.609131 0.372070 0.004395 0.015625
0 0.607666 0.430664 0.010254 0.064453
0 0.597168 0.431641 0.010742 0.060547
0 0.620850 0.432617 0.012207 0.060547
0 0.602783 0.436523 0.010254 0.058594
0 0.676514 0.432617 0.015137 0.097656
0 0.693115 0.430176 0.019043 0.102539
0 0.712646 0.423340 0.023926 0.110352
9 0.682129 0.303223 0.013672 0.055664
2 0.486572 0.425293 0.018066 0.012695
2 0.491455 0.431152 0.015137 0.016602
2 0.477051 0.434570 0.011719 0.017578
2 0.486816 0.436523 0.016602 0.029297
8 0.314697 0.395508 0.007324 0.017578
0 0.317871 0.434570 0.007812 0.044922
9 0.010986 0.419434 0.012207 0.026367
8 0.252686 0.265137 0.011230 0.022461
8 0.230957 0.278809 0.018555 0.081055
8 0.243164 0.234863 0.014648 0.030273