2 0.399902 0.427734 0.010742 0.025391
2 0.413086 0.414062 0.016602 0.015625
2 0.409912 0.431641 0.022949 0.041016
2 0.425049 0.435059 0.029785 0.049805
2 0.434082 0.439453 0.036133 0.048828
2 0.467285 0.446777 0.050781 0.063477
9 0.530518 0.352051 0.013184 0.026367
9 0.530273 0.371094 0.012695 0.017578
9 0.375732 0.459961 0.018066 0.152344
7 0.150635 0.527344 0.084473 0.261719
2 0.571045 0.466797 0.079590 0.103516
1 0.568604 0.447754 0.035645 0.147461
7 0.566406 0.495605 0.011719 0.094727
2 0.642578 0.478027 0.084961 0.159180
9 0.698975 0.310059 0.019043 0.036133
2 0.708496 0.504395 0.141602 0.196289
2 0.863037 0.558105 0.273926 0.374023
9 0.746094 0.290039 0.018555 0.023438
9 0.756348 0.351562 0.006836 0.033203
9 0.755371 0.385742 0.006836 0.033203