2 0.366699 0.400879 0.043945 0.038086
2 0.374512 0.401367 0.032227 0.039062
2 0.386475 0.402344 0.045410 0.046875
2 0.391602 0.405762 0.038086 0.043945
2 0.402832 0.407715 0.054688 0.055664
2 0.435059 0.406738 0.073242 0.057617
2 0.450439 0.412109 0.085449 0.064453
9 0.437744 0.341797 0.014160 0.029297
9 0.521729 0.310547 0.017090 0.009766
2 0.315918 0.409668 0.009766 0.024414
2 0.321045 0.449707 0.019043 0.061523
2 0.282959 0.406250 0.082520 0.101562
2 0.288086 0.477539 0.077148 0.175781
2 0.199707 0.519531 0.163086 0.320312
0 0.914062 0.371094 0.037109 0.119141
2 0.754883 0.509277 0.033203 0.026367
2 0.109375 0.681152 0.218750 0.635742
2 0.553467 0.426270 0.128418 0.112305
2 0.583496 0.453613 0.070312 0.086914
2 0.604736 0.487305 0.079590 0.105469
2 0.740479 0.393066 0.293457 0.333008
2 0.892334 0.505371 0.214355 0.338867