9 0.737549 0.307129 0.017090 0.010742
9 0.659424 0.327637 0.027832 0.043945
7 0.644043 0.456543 0.027344 0.051758
0 0.649902 0.458984 0.020508 0.125000
0 0.615967 0.454590 0.031738 0.141602
2 0.981689 0.675781 0.036621 0.345703
2 0.578857 0.441895 0.029785 0.034180
9 0.562988 0.377441 0.012695 0.022461
2 0.428467 0.474121 0.076660 0.110352
2 0.096680 0.479492 0.031250 0.052734
6 0.148193 0.468262 0.036621 0.071289
0 0.309570 0.456055 0.017578 0.093750
0 0.296143 0.456543 0.021973 0.096680
0 0.121338 0.469727 0.022949 0.119141
0 0.140625 0.470215 0.027344 0.112305
2 0.542236 0.438965 0.021973 0.049805
2 0.524902 0.443848 0.029297 0.047852
2 0.497314 0.447754 0.041504 0.045898
2 0.808105 0.409180 0.043945 0.042969
2 0.823242 0.425293 0.058594 0.063477
2 0.881592 0.448730 0.171387 0.151367
2 0.879883 0.459473 0.130859 0.129883
2 0.898682 0.466309 0.083496 0.137695
2 0.957764 0.456055 0.084473 0.158203
2 0.973389 0.491211 0.052246 0.107422
2 0.727783 0.470215 0.157715 0.262695
9 0.790527 0.243164 0.034180 0.068359