2 0.039551 0.442871 0.079102 0.090820
9 0.150146 0.276367 0.010254 0.039062
9 0.151123 0.304688 0.010254 0.019531
9 0.151611 0.325684 0.010254 0.020508
8 0.311035 0.301270 0.019531 0.053711
9 0.303223 0.266113 0.006836 0.008789
9 0.290771 0.277344 0.018066 0.011719
8 0.326904 0.292969 0.012207 0.041016
9 0.301270 0.305664 0.010742 0.039062
2 0.426514 0.361328 0.005371 0.013672
9 0.421631 0.379395 0.005371 0.030273
2 0.434570 0.372070 0.010742 0.031250
9 0.480957 0.321289 0.006836 0.021484
2 0.446533 0.372070 0.023926 0.033203
2 0.462646 0.373047 0.020996 0.035156
2 0.494629 0.373535 0.024414 0.040039
2 0.508301 0.382324 0.022461 0.057617
9 0.533203 0.311035 0.006836 0.014648
2 0.526367 0.387695 0.042969 0.064453
0 0.436523 0.401855 0.021484 0.100586
0 0.426025 0.410156 0.014160 0.089844
9 0.507568 0.422852 0.009277 0.044922
2 0.473633 0.386719 0.038086 0.060547
1 0.558105 0.356934 0.007812 0.024414
7 0.565430 0.420410 0.044922 0.067383
7 0.557129 0.422852 0.058594 0.074219
1 0.556885 0.394531 0.027832 0.103516
9 0.561035 0.282715 0.009766 0.018555
9 0.573486 0.280273 0.009277 0.019531
9 0.573486 0.295898 0.010254 0.011719
9 0.573730 0.307129 0.010742 0.010742
8 0.622070 0.270996 0.014648 0.036133
0 0.658203 0.390625 0.027344 0.119141
8 0.731201 0.255859 0.011230 0.054688
8 0.730469 0.290527 0.012695 0.034180
9 0.717041 0.252441 0.007324 0.030273
8 0.707520 0.283691 0.028320 0.026367
9 0.698486 0.230469 0.016113 0.011719
9 0.687256 0.267090 0.004395 0.040039
8 0.672607 0.155762 0.018066 0.051758
9 0.661133 0.291016 0.015625 0.027344
8 0.659668 0.348633 0.011719 0.066406
0 0.710693 0.437012 0.031738 0.266602
8 0.696045 0.108887 0.040527 0.118164
8 0.741455 0.127441 0.031738 0.166992
8 0.713135 0.125977 0.032715 0.164062
9 0.798340 0.045898 0.059570 0.091797
8 0.771729 0.243652 0.014160 0.032227
8 0.752441 0.245117 0.014648 0.037109
8 0.781982 0.204590 0.016113 0.067383
0 0.837158 0.366211 0.016113 0.115234
8 0.853516 0.152344 0.014648 0.085938
9 0.875488 0.141602 0.024414 0.027344