8 0.403076 0.427246 0.004395 0.018555
8 0.400879 0.428711 0.004883 0.025391
9 0.498535 0.430176 0.017578 0.008789
9 0.497803 0.439941 0.018066 0.008789
9 0.498047 0.448242 0.017578 0.007812
9 0.313965 0.371582 0.029297 0.075195
8 0.497559 0.339355 0.009766 0.040039
8 0.561523 0.421387 0.005859 0.016602
8 0.565186 0.424805 0.004395 0.025391
9 0.565186 0.397461 0.012207 0.021484
2 0.574219 0.481934 0.006836 0.026367
2 0.592529 0.464355 0.037598 0.045898
2 0.586426 0.481445 0.024414 0.062500
2 0.653809 0.477539 0.135742 0.087891
9 0.660889 0.333008 0.013184 0.031250
9 0.646729 0.336914 0.014160 0.042969
9 0.661377 0.356934 0.011230 0.014648
0 0.814697 0.449219 0.020996 0.111328
0 0.837646 0.443359 0.022949 0.119141
9 0.666260 0.303223 0.022949 0.063477
9 0.665039 0.229004 0.043945 0.086914
9 0.725098 0.277832 0.033203 0.053711
9 0.729248 0.346191 0.036621 0.096680
9 0.992188 0.031738 0.015625 0.061523
9 0.993652 0.121094 0.012695 0.095703