2 0.954834 0.464355 0.069824 0.065430
2 0.705811 0.442871 0.093262 0.038086
2 0.575684 0.434570 0.100586 0.070312
9 0.450928 0.354492 0.010254 0.017578
9 0.448975 0.377441 0.010254 0.022461
2 0.286865 0.427246 0.013184 0.024414
2 0.297852 0.441895 0.031250 0.045898
1 0.336182 0.417480 0.009277 0.041992
8 0.196045 0.273926 0.025879 0.098633
8 0.181641 0.273926 0.018555 0.094727
9 0.107666 0.242188 0.012207 0.076172
9 0.753174 0.271484 0.022949 0.017578
8 0.668945 0.276855 0.019531 0.088867
8 0.664062 0.273926 0.022461 0.061523
8 0.677490 0.272949 0.016113 0.086914
9 0.632324 0.304688 0.025391 0.050781
7 0.743896 0.527344 0.121582 0.162109
1 0.750732 0.452148 0.048340 0.189453