2 0.350342 0.440430 0.032715 0.039062
0 0.071045 0.421875 0.011230 0.033203
2 0.322510 0.436523 0.038574 0.052734
2 0.298828 0.441895 0.026367 0.045898
2 0.279297 0.446777 0.031250 0.041992
2 0.246582 0.447266 0.056641 0.052734
2 0.205566 0.441895 0.044922 0.071289
2 0.188477 0.450195 0.028320 0.054688
2 0.143555 0.439453 0.093750 0.076172
2 0.137451 0.449707 0.062012 0.061523
2 0.106201 0.453125 0.071777 0.064453
2 0.071045 0.457031 0.075684 0.066406
2 0.025391 0.456543 0.050781 0.086914
9 0.343994 0.387695 0.010254 0.021484
9 0.351562 0.406250 0.019531 0.039062
9 0.354492 0.304688 0.020508 0.064453
8 0.391846 0.350586 0.006348 0.021484
8 0.395264 0.398926 0.006348 0.014648
8 0.416260 0.397461 0.003418 0.007812
0 0.995605 0.388672 0.007812 0.144531
0 0.984131 0.394531 0.029785 0.140625
0 0.964844 0.390137 0.031250 0.151367
0 0.913330 0.414062 0.015137 0.074219
7 0.751953 0.415039 0.013672 0.062500
7 0.769775 0.418457 0.012207 0.079102
7 0.788086 0.429199 0.027344 0.090820
1 0.752686 0.393555 0.015137 0.080078
1 0.768555 0.395020 0.019531 0.090820
1 0.787109 0.383301 0.029297 0.108398
9 0.718506 0.344238 0.006348 0.008789
9 0.713867 0.259277 0.014648 0.041992
9 0.711670 0.294922 0.010254 0.029297
9 0.714600 0.325684 0.016113 0.032227
8 0.722900 0.374023 0.007324 0.009766
9 0.698486 0.352051 0.006348 0.014648
0 0.696777 0.400391 0.006836 0.027344
0 0.388672 0.422852 0.005859 0.021484
9 0.676758 0.357422 0.017578 0.031250
2 0.639648 0.406250 0.024414 0.039062
2 0.614746 0.411133 0.037109 0.058594
7 0.614990 0.403320 0.037598 0.048828
2 0.543457 0.412598 0.014648 0.032227
2 0.533203 0.411133 0.019531 0.039062
9 0.504883 0.377441 0.009766 0.032227
9 0.523926 0.370117 0.008789 0.013672
2 0.522705 0.398438 0.045410 0.070312
3 0.566895 0.387695 0.041992 0.085938
9 0.486572 0.375000 0.010254 0.017578
0 0.372803 0.429199 0.009277 0.038086
0 0.379395 0.432129 0.005859 0.032227