9 0.456787 0.300781 0.004395 0.021484
9 0.480713 0.315430 0.025879 0.013672
9 0.499268 0.313477 0.015137 0.064453
8 0.452637 0.344238 0.017578 0.055664
0 0.405273 0.409668 0.025391 0.133789
0 0.376953 0.410645 0.016602 0.129883
0 0.427979 0.405762 0.026855 0.147461
0 0.452148 0.411133 0.026367 0.134766
2 0.337646 0.412598 0.020996 0.057617
2 0.354736 0.427734 0.023926 0.031250
0 0.363525 0.417480 0.035645 0.147461
0 0.390869 0.406250 0.028809 0.169922
9 0.213623 0.122070 0.035645 0.068359
9 0.214111 0.197754 0.037598 0.083008
8 0.229248 0.189453 0.032715 0.146484
9 0.168213 0.377930 0.011230 0.005859
0 0.165039 0.418945 0.010742 0.025391
4 0.268066 0.380371 0.144531 0.149414
8 0.539307 0.326660 0.006348 0.026367
6 0.553223 0.419922 0.029297 0.037109
0 0.552002 0.400391 0.019043 0.066406
0 0.542480 0.403320 0.015625 0.087891
8 0.641846 0.312012 0.017090 0.045898
0 0.607666 0.411133 0.010254 0.039062
0 0.597900 0.404785 0.009277 0.047852
8 0.573486 0.103027 0.017090 0.055664
8 0.595947 0.262695 0.019043 0.066406
8 0.667480 0.107910 0.016602 0.049805
0 0.736816 0.392578 0.013672 0.056641
0 0.650879 0.407715 0.011719 0.055664
2 0.819824 0.402832 0.104492 0.081055
8 0.209473 0.307129 0.017578 0.061523
1 0.209473 0.403320 0.020508 0.130859
7 0.216553 0.460938 0.031738 0.060547
1 0.274658 0.399414 0.041504 0.138672
7 0.272949 0.442383 0.029297 0.087891
0 0.561768 0.399902 0.021973 0.098633
2 0.934570 0.395020 0.129883 0.098633
1 0.481201 0.395996 0.016113 0.057617
1 0.492920 0.397461 0.020020 0.078125
7 0.494141 0.422852 0.022461 0.054688
7 0.479248 0.423828 0.020020 0.050781
0 0.043701 0.409668 0.020996 0.057617
0 0.059814 0.410645 0.008301 0.040039
7 0.086914 0.429199 0.073242 0.055664
8 0.071045 0.122559 0.038574 0.174805
8 0.104980 0.093750 0.032227 0.154297
2 0.065918 0.620605 0.131836 0.518555