0 0.266602 0.386230 0.015625 0.059570
0 0.240234 0.382324 0.029297 0.096680
2 0.489014 0.387207 0.010254 0.016602
2 0.473877 0.386230 0.014160 0.026367
2 0.363770 0.384766 0.069336 0.130859
2 0.343262 0.414551 0.050781 0.083008
7 0.333496 0.416992 0.020508 0.082031
7 0.318848 0.421387 0.033203 0.079102
0 0.413574 0.419434 0.074219 0.284180
0 0.391602 0.413086 0.080078 0.322266
2 0.126221 0.500000 0.252441 0.642578
2 0.526611 0.383301 0.027832 0.049805
9 0.538330 0.333496 0.010254 0.022461
2 0.552734 0.402344 0.033203 0.066406
2 0.560791 0.406738 0.031738 0.071289
9 0.588379 0.229004 0.013672 0.057617
9 0.587158 0.275879 0.008301 0.038086
7 0.672119 0.418457 0.029785 0.083008
7 0.885498 0.525391 0.214355 0.341797
7 0.886963 0.525391 0.211426 0.341797
7 0.936279 0.525391 0.117676 0.341797
9 0.979980 0.024902 0.039062 0.049805