0 0.892822 0.429199 0.008301 0.016602
0 0.874756 0.433594 0.023926 0.046875
0 0.884521 0.420410 0.012207 0.022461
0 0.888184 0.427246 0.004883 0.022461
0 0.880371 0.419434 0.003906 0.018555
0 0.881104 0.441406 0.025879 0.066406
8 0.908203 0.221191 0.030273 0.086914
0 0.709473 0.452637 0.026367 0.057617
0 0.713867 0.432617 0.020508 0.044922
0 0.646729 0.448730 0.017090 0.055664
0 0.770508 0.431641 0.027344 0.173828
0 0.593506 0.444336 0.010254 0.078125
0 0.604980 0.445312 0.016602 0.085938
0 0.595947 0.448242 0.015137 0.085938
0 0.947510 0.439453 0.044434 0.181641
0 0.914551 0.430664 0.035156 0.195312
9 0.922607 0.099121 0.030762 0.086914
8 0.923096 0.237793 0.020020 0.067383
0 0.665771 0.427246 0.056152 0.188477
0 0.663818 0.442383 0.028809 0.160156
0 0.579102 0.429688 0.011719 0.050781
0 0.694336 0.432129 0.030273 0.182617
0 0.555420 0.442871 0.012207 0.090820
0 0.633545 0.416016 0.028809 0.208984
0 0.572510 0.422852 0.036621 0.171875
0 0.469482 0.409668 0.020020 0.038086
2 0.505615 0.433105 0.083496 0.143555
0 0.490479 0.430664 0.027832 0.164062
0 0.516846 0.429688 0.036621 0.179688
0 0.564697 0.433105 0.029785 0.176758
0 0.543945 0.432129 0.028320 0.172852
7 0.446777 0.468750 0.035156 0.062500
0 0.299316 0.416016 0.006836 0.033203
0 0.289551 0.416504 0.008789 0.032227
0 0.304932 0.415527 0.012207 0.030273
0 0.296143 0.417480 0.006348 0.024414
0 0.279785 0.411133 0.010742 0.031250
0 0.271484 0.422363 0.009766 0.030273
0 0.265625 0.415527 0.018555 0.045898
0 0.112305 0.412598 0.010742 0.040039
0 0.105957 0.412598 0.011719 0.045898
0 0.124268 0.406738 0.012207 0.045898
0 0.111328 0.413574 0.015625 0.040039
0 0.002197 0.417969 0.004395 0.031250
7 0.023438 0.478516 0.027344 0.033203
6 0.169189 0.487793 0.014160 0.016602
7 0.211670 0.484375 0.010254 0.023438
7 0.276611 0.462891 0.031738 0.068359
9 0.470459 0.265625 0.011230 0.058594
9 0.469238 0.296387 0.009766 0.032227
2 0.362061 0.424805 0.177246 0.158203
9 0.038818 0.299805 0.022949 0.044922
9 0.039795 0.324707 0.016113 0.014648
2 0.051758 0.445312 0.103516 0.103516
2 0.174072 0.442383 0.189941 0.119141
9 0.229248 0.196777 0.017090 0.118164
0 0.768066 0.373047 0.007812 0.013672