9 0.025879 0.088379 0.033203 0.059570
0 0.007812 0.363281 0.015625 0.080078
8 0.183105 0.232422 0.053711 0.123047
2 0.179932 0.357422 0.012207 0.025391
2 0.193115 0.354980 0.019043 0.020508
2 0.232422 0.375488 0.025391 0.051758
2 0.218994 0.378906 0.029785 0.056641
2 0.204102 0.381836 0.035156 0.062500
9 0.241943 0.175293 0.047363 0.083008
2 0.360596 0.377441 0.028809 0.045898
2 0.371582 0.381836 0.034180 0.052734
9 0.381592 0.295898 0.006348 0.025391
9 0.963379 0.143066 0.045898 0.196289
0 0.592529 0.363281 0.013184 0.029297
0 0.608154 0.366211 0.012207 0.027344
9 0.912109 0.165527 0.023438 0.053711
9 0.875732 0.180176 0.038574 0.065430
0 0.778076 0.420410 0.035645 0.184570
9 0.559082 0.339844 0.002930 0.019531
9 0.756836 0.199219 0.056641 0.021484
9 0.712891 0.180176 0.017578 0.020508
8 0.709961 0.238770 0.022461 0.100586
9 0.609863 0.221191 0.037109 0.065430
0 0.557373 0.361328 0.005371 0.015625
0 0.567871 0.363770 0.007812 0.020508
9 0.553955 0.339844 0.004395 0.011719
9 0.563477 0.336426 0.005859 0.014648
9 0.560059 0.355957 0.002930 0.016602
9 0.562744 0.321289 0.005371 0.017578
9 0.575928 0.330078 0.007324 0.025391
9 0.576660 0.353516 0.005859 0.021484
9 0.581299 0.302246 0.008301 0.022461
9 0.581543 0.322266 0.007812 0.019531
7 0.746094 0.411621 0.030273 0.063477
2 0.520020 0.389160 0.018555 0.057617
0 0.546631 0.366699 0.009277 0.026367
2 0.534180 0.388184 0.031250 0.061523
2 0.485107 0.375977 0.031738 0.046875
2 0.481934 0.395508 0.040039 0.058594
0 0.457764 0.363770 0.009277 0.020508
0 0.449463 0.361328 0.005371 0.017578
9 0.445312 0.320801 0.010742 0.020508
2 0.421875 0.387207 0.044922 0.053711
2 0.452637 0.400879 0.050781 0.077148
0 0.510010 0.393066 0.020020 0.104492
7 0.510254 0.422852 0.006836 0.064453
9 0.534912 0.321777 0.010254 0.022461
1 0.510010 0.393066 0.020020 0.104492
1 0.533203 0.406250 0.023438 0.125000
7 0.534180 0.440430 0.007812 0.078125
9 0.264160 0.329102 0.005859 0.009766
9 0.289062 0.323730 0.006836 0.012695
0 0.610596 0.364258 0.007324 0.017578