0 0.981201 0.341309 0.009277 0.022461
0 0.989502 0.338379 0.012207 0.020508
9 0.755615 0.223145 0.052246 0.145508
9 0.945068 0.234863 0.016113 0.075195
0 0.782959 0.402344 0.030762 0.113281
0 0.797607 0.416992 0.012207 0.087891
0 0.834717 0.379883 0.022949 0.164062
0 0.849365 0.364746 0.056152 0.229492
0 0.815918 0.378418 0.033203 0.209961
0 0.740234 0.377930 0.047852 0.285156
0 0.795166 0.373535 0.053223 0.276367
7 0.009277 0.459473 0.018555 0.083008
0 0.220459 0.404785 0.010254 0.020508
0 0.212158 0.412109 0.006348 0.019531
0 0.222656 0.416504 0.011719 0.034180
0 0.214355 0.420410 0.008789 0.036133
7 0.059082 0.470703 0.017578 0.060547
1 0.062012 0.411133 0.016602 0.064453
0 0.013672 0.443848 0.027344 0.131836
0 0.054932 0.438477 0.027832 0.132812
4 0.270752 0.406250 0.102051 0.166016
0 0.339844 0.406738 0.005859 0.041992
0 0.333496 0.404785 0.008789 0.041992
0 0.337891 0.408203 0.007812 0.039062
0 0.350098 0.407227 0.004883 0.039062
0 0.348145 0.410156 0.005859 0.039062
0 0.357422 0.404785 0.007812 0.038086
9 0.364990 0.356934 0.016113 0.008789
0 0.376953 0.408203 0.007812 0.035156
0 0.370117 0.403809 0.008789 0.045898
0 0.436768 0.406250 0.005371 0.037109
9 0.430908 0.348145 0.009277 0.022461
9 0.433594 0.357422 0.009766 0.019531
0 0.426514 0.401367 0.007324 0.041016
0 0.429199 0.405273 0.008789 0.041016
0 0.389160 0.407227 0.007812 0.039062
0 0.386475 0.404297 0.009277 0.046875
0 0.402588 0.406738 0.009277 0.038086
0 0.414795 0.402832 0.007324 0.043945
0 0.409424 0.386719 0.005371 0.019531
0 0.417969 0.401367 0.011719 0.046875
0 0.410645 0.404297 0.009766 0.042969
0 0.405762 0.403809 0.006836 0.043945
9 0.508545 0.364258 0.005371 0.009766
0 0.539062 0.395996 0.015625 0.055664
0 0.531494 0.378906 0.006348 0.013672
0 0.502930 0.400391 0.012695 0.052734
0 0.517578 0.395996 0.011719 0.055664
0 0.523926 0.396484 0.009766 0.056641
0 0.509521 0.405762 0.007324 0.040039
0 0.511475 0.399902 0.011230 0.059570
0 0.552246 0.406738 0.009766 0.049805
0 0.561035 0.401367 0.022461 0.085938
9 0.550537 0.285156 0.029785 0.025391
9 0.550537 0.305176 0.028809 0.024414
9 0.551025 0.321289 0.028809 0.019531
7 0.531982 0.439941 0.009277 0.065430
1 0.530762 0.410645 0.020508 0.090820
0 0.599854 0.386719 0.019043 0.080078
7 0.579346 0.459961 0.019043 0.128906
1 0.575928 0.410156 0.036621 0.193359
7 0.637207 0.562500 0.082031 0.308594
1 0.645508 0.430664 0.089844 0.427734