2 0.552490 0.383789 0.020996 0.033203
2 0.548828 0.391113 0.010742 0.026367
2 0.553223 0.393066 0.009766 0.028320
2 0.505615 0.386230 0.013184 0.014648
2 0.558350 0.394043 0.013184 0.032227
2 0.562012 0.395996 0.013672 0.032227
2 0.512207 0.379883 0.012695 0.027344
9 0.554688 0.354492 0.004883 0.009766
9 0.597656 0.307129 0.012695 0.024414
9 0.596924 0.333496 0.011230 0.022461
2 0.484375 0.394043 0.015625 0.026367
9 0.668945 0.334961 0.006836 0.017578
2 0.462891 0.397461 0.054688 0.082031
7 0.428223 0.415039 0.012695 0.046875
9 0.380615 0.339355 0.014160 0.010742
9 0.381348 0.352539 0.009766 0.021484
2 0.384766 0.419434 0.056641 0.086914
2 0.368896 0.426758 0.057129 0.095703
2 0.348389 0.438477 0.060059 0.113281
2 0.296387 0.448242 0.107422 0.138672
0 0.298096 0.434082 0.052246 0.235352
2 0.182373 0.505859 0.177246 0.220703
9 0.006348 0.325684 0.012695 0.067383
2 0.057373 0.522949 0.114746 0.309570
9 0.673828 0.305664 0.010742 0.021484
2 0.593262 0.405762 0.026367 0.067383
2 0.593018 0.409180 0.019043 0.064453
2 0.593750 0.411621 0.018555 0.063477
2 0.600342 0.412598 0.023926 0.077148
2 0.605713 0.418945 0.021973 0.083984
2 0.633545 0.423828 0.062012 0.128906
2 0.667725 0.432129 0.067871 0.151367
2 0.720947 0.435547 0.122559 0.216797
2 0.804443 0.446289 0.197754 0.324219
2 0.916260 0.535156 0.166504 0.455078