9 0.830811 0.273438 0.007324 0.041016
9 0.970215 0.220215 0.024414 0.020508
2 0.033447 0.445801 0.066895 0.098633
9 0.772705 0.209473 0.034668 0.030273
9 0.792969 0.274902 0.023438 0.051758
9 0.794678 0.309082 0.020996 0.024414
0 0.085205 0.368164 0.008301 0.041016
0 0.071777 0.371094 0.011719 0.041016
9 0.081543 0.422363 0.036133 0.084961
0 0.214355 0.445312 0.048828 0.353516
0 0.108643 0.434570 0.041504 0.306641
0 0.147705 0.427734 0.036621 0.304688
0 0.168213 0.430664 0.117676 0.439453
0 0.298340 0.418457 0.066406 0.309570
0 0.340332 0.421387 0.049805 0.286133
0 0.632080 0.363770 0.047363 0.100586
0 0.620605 0.367188 0.018555 0.093750
0 0.700928 0.352051 0.022949 0.124023
0 0.735352 0.358887 0.037109 0.116211
9 0.967285 0.194824 0.027344 0.040039
9 0.807617 0.179688 0.031250 0.015625
9 0.799561 0.107910 0.019043 0.026367
9 0.793457 0.133789 0.015625 0.025391
9 0.629639 0.273438 0.018066 0.042969
9 0.597900 0.245117 0.014160 0.037109
9 0.603271 0.279785 0.017090 0.030273
9 0.427246 0.281738 0.026367 0.049805
9 0.426758 0.250488 0.027344 0.040039
9 0.251221 0.342285 0.006348 0.012695
8 0.924561 0.166504 0.019043 0.118164
8 0.769043 0.089844 0.053711 0.179688
0 0.296631 0.438965 0.056152 0.264648
0 0.613525 0.368164 0.010254 0.089844
0 0.644531 0.366211 0.022461 0.093750
0 0.744385 0.357910 0.019043 0.114258
8 0.254883 0.363770 0.004883 0.014648
9 0.992188 0.191406 0.014648 0.042969