2 0.270264 0.392578 0.049316 0.041016
2 0.404053 0.390137 0.070801 0.040039
2 0.213867 0.419434 0.061523 0.075195
9 0.110840 0.353516 0.009766 0.025391
9 0.111084 0.333008 0.009277 0.017578
9 0.075928 0.365234 0.008301 0.013672
9 0.076660 0.349121 0.010742 0.018555
2 0.129639 0.444824 0.144043 0.190430
2 0.037354 0.460938 0.074707 0.259766
2 0.629639 0.401367 0.027832 0.072266
2 0.656250 0.400879 0.063477 0.106445
2 0.883789 0.482910 0.231445 0.416992
8 0.739258 0.307129 0.006836 0.032227
9 0.738281 0.274902 0.014648 0.030273
8 0.799316 0.227051 0.010742 0.036133
9 0.763916 0.312012 0.018066 0.032227
9 0.765625 0.288086 0.023438 0.019531
8 0.780762 0.321777 0.006836 0.024414
9 0.459229 0.403809 0.023926 0.045898
8 0.483887 0.312500 0.005859 0.035156
9 0.482422 0.274902 0.014648 0.028320
2 0.326416 0.412598 0.152832 0.086914
3 0.555176 0.351074 0.075195 0.180664
9 0.261230 0.296387 0.017578 0.036133