8 0.059570 0.191895 0.015625 0.047852
2 0.458984 0.424316 0.022461 0.038086
9 0.475586 0.350098 0.020508 0.014648
9 0.476074 0.363281 0.020508 0.015625
9 0.479492 0.384277 0.003906 0.020508
9 0.530029 0.383301 0.007324 0.014648
2 0.544922 0.420898 0.062500 0.048828
9 0.595215 0.361816 0.003906 0.018555
2 0.844238 0.375000 0.033203 0.037109
2 0.909180 0.364746 0.126953 0.084961
2 0.945068 0.375977 0.100098 0.066406
2 0.426025 0.393555 0.055176 0.136719
2 0.313477 0.429199 0.058594 0.092773
2 0.379150 0.430664 0.096191 0.138672
2 0.153809 0.462402 0.307617 0.530273
9 0.508789 0.334473 0.009766 0.020508
9 0.508789 0.354004 0.009766 0.020508
9 0.508301 0.375000 0.009766 0.021484
8 0.538086 0.330078 0.008789 0.033203
7 0.957520 0.454102 0.068359 0.183594
7 0.906006 0.476074 0.072754 0.247070
8 0.987793 0.095215 0.023438 0.141602
9 0.840332 0.189941 0.030273 0.028320
8 0.845459 0.237793 0.014160 0.063477
7 0.604736 0.409180 0.017090 0.048828
1 0.604248 0.391602 0.015137 0.074219
7 0.626465 0.406250 0.016602 0.048828
1 0.625244 0.383789 0.016113 0.085938
2 0.756348 0.416504 0.204102 0.239258