0 0.160400 0.396973 0.007324 0.022461
0 0.179932 0.395996 0.010254 0.022461
0 0.194092 0.397949 0.004395 0.016602
8 0.439697 0.154785 0.011230 0.065430
8 0.386475 0.155762 0.011230 0.065430
8 0.542969 0.164551 0.010742 0.061523
9 0.676758 0.247070 0.016602 0.031250
9 0.686768 0.222168 0.014160 0.010742
9 0.678467 0.191406 0.003418 0.011719
9 0.678711 0.206543 0.003906 0.014648
8 0.670898 0.323242 0.013672 0.042969
8 0.677246 0.323730 0.010742 0.038086
9 0.662598 0.362305 0.005859 0.013672
0 0.663818 0.386230 0.010254 0.026367
0 0.668701 0.391602 0.005371 0.023438
0 0.645508 0.386230 0.005859 0.012695
2 0.652588 0.414062 0.030762 0.058594
2 0.631592 0.423828 0.053223 0.087891
8 0.741699 0.209961 0.013672 0.048828
2 0.583008 0.426270 0.070312 0.124023
2 0.702393 0.449219 0.117676 0.130859
9 0.694092 0.345703 0.006348 0.017578
8 0.708496 0.342773 0.014648 0.035156
0 0.807129 0.376953 0.015625 0.037109
0 0.854004 0.378906 0.010742 0.033203
2 0.797119 0.492188 0.153809 0.220703
3 0.904785 0.428223 0.189453 0.856445
2 0.456787 0.441406 0.120605 0.199219
9 0.341553 0.351074 0.009277 0.010742
0 0.356201 0.404297 0.003418 0.031250
0 0.328613 0.399902 0.004883 0.032227
9 0.330322 0.362305 0.006348 0.027344
9 0.199707 0.360352 0.007812 0.015625
9 0.095215 0.371094 0.006836 0.013672
9 0.113770 0.337402 0.005859 0.010742
8 0.114990 0.363281 0.006348 0.031250
8 0.117676 0.362305 0.005859 0.017578
9 0.638428 0.348145 0.007324 0.012695
9 0.398926 0.322754 0.007812 0.016602
8 0.397949 0.345215 0.009766 0.024414
0 0.340820 0.402344 0.005859 0.035156
8 0.299316 0.283691 0.005859 0.028320
8 0.241211 0.363770 0.005859 0.028320
9 0.253418 0.369141 0.004883 0.009766
6 0.383057 0.402832 0.014160 0.022461