0 0.619141 0.399902 0.010742 0.079102
7 0.609375 0.422363 0.017578 0.059570
7 0.627930 0.427246 0.022461 0.071289
0 0.438965 0.385254 0.015625 0.083008
0 0.449951 0.386719 0.009277 0.050781
0 0.456055 0.392090 0.011719 0.065430
0 0.440186 0.396484 0.019043 0.070312
0 0.449707 0.398438 0.016602 0.085938
0 0.417969 0.392578 0.025391 0.095703
7 0.427734 0.418945 0.038086 0.074219
1 0.425537 0.389648 0.031738 0.111328
0 0.483643 0.384277 0.006348 0.073242
0 0.478516 0.392578 0.012695 0.089844
7 0.505859 0.415527 0.048828 0.067383
1 0.510498 0.383789 0.020020 0.072266
7 0.498535 0.418457 0.024414 0.075195
0 0.361084 0.403809 0.020020 0.067383
0 0.381836 0.404297 0.018555 0.064453
9 0.361084 0.272949 0.019043 0.041992
0 0.244629 0.361328 0.009766 0.046875
7 0.318359 0.412109 0.044922 0.066406
1 0.318359 0.384766 0.017578 0.095703
7 0.366943 0.424805 0.038574 0.060547
0 0.335938 0.409180 0.037109 0.173828
9 0.331055 0.098633 0.043945 0.031250
9 0.351807 0.176270 0.041504 0.083008
9 0.293945 0.306641 0.011719 0.021484
0 0.273682 0.360352 0.017090 0.093750
0 0.258789 0.358398 0.008789 0.025391
0 0.250977 0.366699 0.006836 0.022461
0 0.255859 0.389648 0.013672 0.046875
0 0.221191 0.372070 0.008789 0.027344
0 0.251465 0.400391 0.024414 0.078125
0 0.199463 0.375977 0.015137 0.039062
0 0.172363 0.379395 0.011719 0.077148
6 0.268799 0.484863 0.083496 0.250977
0 0.178223 0.395020 0.019531 0.077148
6 0.066162 0.377930 0.087402 0.099609
6 0.072510 0.429199 0.080566 0.215820
6 0.134277 0.437988 0.085938 0.237305
6 0.199463 0.465820 0.082520 0.234375
0 0.559570 0.407715 0.022461 0.157227
0 0.584229 0.405273 0.020996 0.113281
0 0.567627 0.414551 0.034668 0.153320
2 0.726807 0.442871 0.151855 0.286133
9 0.843994 0.206055 0.025879 0.017578
9 0.844971 0.192871 0.031738 0.024414
9 0.828125 0.235840 0.017578 0.057617
9 0.936523 0.132812 0.041992 0.107422
9 0.934814 0.196777 0.029785 0.086914
9 0.934082 0.242676 0.020508 0.016602
2 0.861084 0.491211 0.276855 0.503906
2 0.930908 0.614746 0.137207 0.588867