0 0.754883 0.046875 0.020508 0.087891
9 0.769775 0.398926 0.015137 0.057617
3 0.692871 0.364258 0.087891 0.162109
0 0.736572 0.169922 0.027832 0.074219
9 0.708008 0.260254 0.037109 0.043945
9 0.685303 0.302246 0.012207 0.024414
9 0.548096 0.341797 0.003418 0.033203
8 0.862305 0.233398 0.024414 0.083984
8 0.837646 0.221680 0.017090 0.060547
0 0.641113 0.396484 0.015625 0.087891
9 0.848389 0.294434 0.016113 0.038086
9 0.577393 0.256348 0.020020 0.040039
7 0.279297 0.425293 0.009766 0.036133
7 0.265869 0.434082 0.005371 0.036133
0 0.297607 0.416504 0.021973 0.133789
9 0.164062 0.332520 0.009766 0.026367
0 0.089111 0.425781 0.011230 0.068359
8 0.042236 0.305664 0.016113 0.062500
8 0.033936 0.317383 0.016113 0.046875
9 0.283691 0.400879 0.018555 0.036133
9 0.285645 0.457031 0.015625 0.039062
2 0.460449 0.412109 0.010742 0.035156
2 0.446777 0.412598 0.025391 0.040039
2 0.442871 0.417969 0.032227 0.048828
2 0.429443 0.416992 0.019043 0.074219
2 0.424072 0.427734 0.016113 0.095703
2 0.362305 0.391113 0.128906 0.272461
3 0.493652 0.379395 0.067383 0.153320
7 0.609863 0.432617 0.063477 0.080078
1 0.611084 0.386230 0.031738 0.092773