0 0.836914 0.398438 0.033203 0.111328
2 0.460938 0.388184 0.045898 0.043945
2 0.430176 0.393555 0.039062 0.029297
0 0.407227 0.391113 0.005859 0.020508
2 0.443115 0.407715 0.045410 0.038086
2 0.434326 0.414062 0.049316 0.044922
9 0.418701 0.340820 0.012207 0.048828
0 0.362061 0.402344 0.010254 0.039062
7 0.252441 0.440918 0.017578 0.053711
2 0.414307 0.423828 0.083496 0.056641
2 0.376953 0.444336 0.136719 0.093750
9 0.069092 0.347656 0.016113 0.048828
2 0.089844 0.448242 0.053711 0.083984
0 0.167969 0.409180 0.011719 0.029297
2 0.134033 0.447754 0.040527 0.063477
7 0.054199 0.515625 0.065430 0.126953
2 0.173584 0.494141 0.136230 0.183594
1 0.481445 0.403320 0.010742 0.050781
7 0.481201 0.423340 0.010254 0.036133
0 0.471924 0.442383 0.037598 0.123047
2 0.569824 0.399902 0.032227 0.036133
2 0.589355 0.398926 0.067383 0.057617
2 0.604004 0.400391 0.048828 0.060547
0 0.662354 0.380371 0.006348 0.024414
2 0.614014 0.401367 0.044434 0.060547
2 0.650879 0.403320 0.083008 0.060547
2 0.648682 0.415039 0.086426 0.054688
9 0.635986 0.314453 0.012207 0.052734
1 0.605957 0.423340 0.021484 0.114258
7 0.604248 0.463867 0.016113 0.072266
9 0.708008 0.296387 0.023438 0.018555
2 0.770752 0.458984 0.167480 0.283203
9 0.549316 0.358887 0.005859 0.016602