7 0.142090 0.348633 0.034180 0.041016
2 0.132080 0.354492 0.036621 0.027344
9 0.039062 0.268555 0.011719 0.027344
9 0.039795 0.298828 0.010254 0.029297
9 0.089355 0.342773 0.010742 0.019531
9 0.347656 0.314941 0.002930 0.012695
9 0.342285 0.311035 0.006836 0.022461
9 0.119385 0.312500 0.007324 0.033203
9 0.343018 0.327637 0.004395 0.008789
2 0.390625 0.393555 0.042969 0.041016
2 0.351807 0.401367 0.089355 0.072266
9 0.635498 0.189941 0.030762 0.047852
9 0.501465 0.286133 0.010742 0.021484
9 0.501465 0.303223 0.009766 0.010742
9 0.501709 0.315430 0.008301 0.011719
2 0.449951 0.400391 0.033691 0.070312
2 0.468506 0.405273 0.032715 0.078125
2 0.475342 0.409180 0.035645 0.083984
2 0.486572 0.422363 0.049316 0.124023
2 0.548828 0.416992 0.100586 0.183594
2 0.762451 0.426270 0.378418 0.567383
2 0.159424 0.374023 0.024902 0.027344
2 0.182617 0.393066 0.042969 0.067383
2 0.130371 0.447266 0.104492 0.181641
2 0.059082 0.486816 0.118164 0.290039
0 0.240723 0.406738 0.021484 0.114258
1 0.214111 0.410645 0.048340 0.252930
7 0.215576 0.477051 0.034668 0.170898
7 0.988281 0.406250 0.022461 0.052734