9 0.532471 0.377930 0.004395 0.013672
2 0.472412 0.423828 0.016113 0.013672
2 0.480957 0.425293 0.011719 0.016602
2 0.504883 0.426270 0.013672 0.024414
2 0.513672 0.426270 0.010742 0.024414
9 0.527832 0.399902 0.004883 0.010742
2 0.521973 0.422852 0.015625 0.033203
2 0.491699 0.423828 0.027344 0.041016
2 0.532715 0.418457 0.021484 0.051758
2 0.533691 0.428223 0.018555 0.041992
2 0.536621 0.429688 0.016602 0.046875
2 0.569092 0.403320 0.043457 0.035156
2 0.553711 0.440430 0.037109 0.072266
2 0.581055 0.443359 0.046875 0.083984
2 0.599609 0.455078 0.048828 0.095703
0 0.647217 0.398926 0.014160 0.030273
0 0.642090 0.392578 0.015625 0.027344
0 0.666748 0.399414 0.013184 0.033203
0 0.656982 0.395020 0.017090 0.036133
0 0.665283 0.392090 0.020020 0.040039
0 0.680420 0.393555 0.018066 0.039062
0 0.720703 0.437012 0.033203 0.151367
2 0.659668 0.475098 0.121094 0.159180
9 0.822266 0.199707 0.025391 0.092773
9 0.790527 0.174805 0.029297 0.056641
9 0.790527 0.219238 0.029297 0.034180
9 0.790527 0.254395 0.024414 0.034180
9 0.560791 0.366211 0.005371 0.021484
9 0.558105 0.363770 0.004883 0.032227
9 0.517090 0.393066 0.003906 0.014648
9 0.517578 0.381836 0.003906 0.007812
9 0.543945 0.364258 0.008789 0.009766
9 0.305664 0.321777 0.005859 0.047852
2 0.390869 0.407227 0.062012 0.074219
2 0.391846 0.422852 0.041504 0.062500
2 0.387695 0.425293 0.036133 0.069336
2 0.374512 0.420410 0.046875 0.083008
2 0.345459 0.409180 0.083496 0.080078
2 0.347900 0.420410 0.068848 0.088867
2 0.341064 0.428223 0.061035 0.100586
2 0.320801 0.430664 0.049805 0.105469
2 0.313232 0.417480 0.041504 0.098633
2 0.264160 0.421875 0.122070 0.150391
2 0.245850 0.433594 0.084473 0.142578
2 0.209473 0.439453 0.105469 0.177734
2 0.140137 0.425293 0.124023 0.237305
2 0.059082 0.425781 0.118164 0.353516
2 0.443604 0.399902 0.057129 0.133789
0 0.547607 0.439453 0.024902 0.148438