2 0.002441 0.375000 0.004883 0.015625
9 0.007568 0.345215 0.004395 0.014648
9 0.009521 0.349121 0.003418 0.010742
9 0.059814 0.343750 0.008301 0.019531
8 0.025879 0.285645 0.004883 0.022461
2 0.028076 0.381836 0.035645 0.041016
2 0.051758 0.385742 0.024414 0.046875
2 0.162109 0.388184 0.035156 0.032227
9 0.221436 0.343750 0.005371 0.011719
9 0.285645 0.313477 0.009766 0.021484
8 0.286865 0.341797 0.006348 0.023438
0 0.344238 0.392578 0.004883 0.027344
7 0.350830 0.398926 0.009277 0.016602
1 0.352051 0.390625 0.006836 0.025391
9 0.326172 0.385742 0.004883 0.007812
9 0.330811 0.363770 0.007324 0.034180
0 0.421631 0.396484 0.006348 0.031250
2 0.458252 0.391113 0.033691 0.045898
0 0.430908 0.402344 0.004395 0.023438
9 0.454590 0.349609 0.008789 0.015625
8 0.438721 0.360352 0.003418 0.011719
8 0.444336 0.364258 0.003906 0.019531
2 0.520264 0.394043 0.040527 0.043945
0 0.810547 0.422363 0.005859 0.026367
0 0.818115 0.416992 0.007324 0.039062
8 0.166504 0.183594 0.023438 0.037109
8 0.195068 0.200684 0.023926 0.067383
0 0.136475 0.526855 0.122559 0.547852
0 0.107178 0.534180 0.132324 0.701172
0 0.297363 0.431152 0.051758 0.176758
0 0.308838 0.452148 0.050293 0.146484
9 0.394043 0.320312 0.010742 0.019531
8 0.393066 0.340332 0.003906 0.016602
8 0.331787 0.250977 0.007324 0.035156
0 0.403320 0.419922 0.021484 0.175781
0 0.394043 0.424316 0.021484 0.180664
0 0.520752 0.404297 0.008301 0.046875
9 0.519287 0.356934 0.008301 0.016602
0 0.547119 0.398438 0.008301 0.031250
0 0.551025 0.400391 0.008301 0.025391
0 0.610352 0.404785 0.006836 0.026367
0 0.581055 0.399902 0.008789 0.034180
0 0.606201 0.398926 0.009277 0.032227
0 0.597656 0.403809 0.005859 0.026367
2 0.659424 0.403320 0.030762 0.037109
0 0.647461 0.407715 0.004883 0.026367
9 0.653076 0.361328 0.005371 0.013672
9 0.653076 0.375977 0.004395 0.013672
0 0.738281 0.415527 0.010742 0.047852
2 0.940674 0.415527 0.067871 0.069336
0 0.912842 0.433594 0.007324 0.035156
9 0.902832 0.398926 0.016602 0.127930
0 0.752441 0.423340 0.029297 0.083008
0 0.869873 0.432129 0.025879 0.174805
9 0.677490 0.291016 0.022949 0.044922
0 0.674316 0.428223 0.045898 0.192383
0 0.716064 0.438965 0.052246 0.256836
9 0.535645 0.341797 0.008789 0.009766
9 0.536133 0.323242 0.017578 0.029297
9 0.613770 0.252441 0.043945 0.028320
9 0.613770 0.282715 0.043945 0.028320
9 0.612549 0.312500 0.044434 0.027344
8 0.614258 0.226562 0.023438 0.091797
8 0.893066 0.035156 0.064453 0.070312
8 0.957031 0.021973 0.044922 0.043945
8 0.970703 0.210938 0.035156 0.152344
0 0.488281 0.433594 0.061523 0.218750
0 0.485107 0.442383 0.040527 0.224609
7 0.789795 0.446777 0.032715 0.090820
1 0.791748 0.413086 0.031738 0.132812