0 0.594727 0.404297 0.010742 0.050781
0 0.612061 0.397461 0.009277 0.041016
1 0.530029 0.404297 0.009277 0.046875
0 0.557373 0.395508 0.005371 0.046875
7 0.562500 0.413086 0.012695 0.041016
0 0.574951 0.403320 0.006348 0.054688
2 0.628418 0.409668 0.037109 0.088867
2 0.629150 0.417969 0.039551 0.107422
2 0.634766 0.425293 0.033203 0.120117
2 0.648682 0.431641 0.049316 0.150391
9 0.716309 0.297363 0.014648 0.032227
9 0.716064 0.329102 0.010254 0.042969
0 0.765137 0.391113 0.007812 0.028320
0 0.784424 0.402832 0.010254 0.053711
0 0.813965 0.382812 0.011719 0.013672
0 0.820801 0.397461 0.008789 0.031250
0 0.814941 0.404297 0.013672 0.046875
0 0.802979 0.403320 0.015137 0.029297
0 0.791748 0.412109 0.017090 0.060547
0 0.800781 0.417969 0.013672 0.050781
0 0.809814 0.400391 0.013184 0.085938
0 0.884033 0.390137 0.010254 0.057617
0 0.931396 0.409668 0.014160 0.065430
2 0.705566 0.434570 0.132812 0.222656
0 0.587158 0.406250 0.007324 0.048828
0 0.582031 0.413086 0.006836 0.048828
0 0.584961 0.410156 0.010742 0.068359
0 0.473389 0.403809 0.006348 0.024414
0 0.482666 0.404785 0.009277 0.032227
9 0.398438 0.312988 0.009766 0.034180
9 0.491699 0.344238 0.009766 0.022461
6 0.470703 0.414062 0.034180 0.044922
2 0.474121 0.426270 0.032227 0.065430
2 0.466797 0.428223 0.029297 0.088867
2 0.441895 0.427246 0.055664 0.125977
2 0.416260 0.433105 0.060059 0.137695
2 0.365234 0.426758 0.102539 0.179688
9 0.268799 0.265625 0.017090 0.021484
9 0.271973 0.288086 0.010742 0.029297
7 0.184326 0.421387 0.039551 0.094727
2 0.286133 0.446289 0.221680 0.216797
0 0.232910 0.434570 0.064453 0.294922
9 0.511230 0.332520 0.013672 0.028320
6 0.499512 0.427246 0.014648 0.063477
7 0.531494 0.413086 0.010254 0.027344