2 0.541992 0.395996 0.003906 0.028320
2 0.551025 0.392578 0.017090 0.044922
2 0.553467 0.405273 0.013184 0.031250
0 0.724854 0.401855 0.021973 0.067383
2 0.564941 0.407227 0.022461 0.033203
9 0.587646 0.341309 0.004395 0.012695
9 0.600830 0.331055 0.008301 0.009766
9 0.607666 0.309082 0.009277 0.020508
9 0.607910 0.326660 0.009766 0.012695
9 0.607910 0.339355 0.008789 0.012695
0 0.826416 0.389160 0.021973 0.083008
7 0.779297 0.438965 0.061523 0.098633
7 0.797607 0.434570 0.086426 0.109375
2 0.590332 0.423340 0.021484 0.065430
2 0.602295 0.423340 0.030762 0.079102
2 0.635742 0.432617 0.064453 0.117188
2 0.667969 0.448730 0.101562 0.122070
0 0.543213 0.400879 0.004395 0.026367
2 0.521240 0.399902 0.010254 0.014648
0 0.493164 0.397949 0.002930 0.020508
2 0.480225 0.402344 0.013184 0.019531
2 0.469482 0.405762 0.014160 0.028320
2 0.464111 0.409668 0.011230 0.030273
2 0.451660 0.408203 0.020508 0.041016
2 0.433594 0.418457 0.029297 0.043945
7 0.386475 0.429688 0.036621 0.044922
2 0.334961 0.439941 0.071289 0.090820
0 0.259277 0.394531 0.016602 0.058594
7 0.258301 0.438965 0.047852 0.061523
3 0.117188 0.412598 0.234375 0.370117
2 0.117188 0.412598 0.234375 0.370117