8 0.117920 0.128906 0.024902 0.074219
9 0.101074 0.237793 0.023438 0.018555
8 0.103271 0.322754 0.020996 0.063477
9 0.140869 0.219727 0.036621 0.058594
8 0.128174 0.313477 0.019043 0.046875
8 0.145996 0.310059 0.016602 0.065430
0 0.347168 0.408203 0.011719 0.041016
8 0.347656 0.351074 0.014648 0.038086
2 0.358643 0.440430 0.077637 0.066406
2 0.465088 0.416504 0.011230 0.028320
2 0.461426 0.416992 0.013672 0.027344
2 0.455322 0.414551 0.014160 0.034180
2 0.444092 0.415527 0.020996 0.036133
2 0.434082 0.418945 0.021484 0.037109
2 0.422607 0.419922 0.028809 0.039062
8 0.230469 0.358398 0.013672 0.041016
8 0.243164 0.352539 0.009766 0.031250
1 0.522705 0.405273 0.005371 0.021484
7 0.521973 0.415039 0.003906 0.019531
2 0.539062 0.409180 0.022461 0.025391
2 0.571045 0.411133 0.021973 0.021484
9 0.583740 0.346191 0.015137 0.030273
9 0.579346 0.348633 0.011230 0.021484
7 0.612549 0.440918 0.026855 0.077148
0 0.624023 0.418945 0.022461 0.105469
0 0.660400 0.410156 0.013184 0.074219
9 0.675537 0.289062 0.009277 0.009766
9 0.606445 0.234375 0.030273 0.050781
8 0.607178 0.298340 0.019043 0.063477
8 0.601562 0.349121 0.008789 0.034180
1 0.804688 0.376465 0.026367 0.083008
7 0.806641 0.439453 0.032227 0.068359
0 0.832764 0.426270 0.047363 0.186523
0 0.791992 0.421875 0.040039 0.203125
0 0.592041 0.427734 0.021973 0.113281
9 0.981934 0.024414 0.021484 0.048828