0 0.551758 0.422852 0.013672 0.068359
2 0.615967 0.433594 0.061035 0.085938
2 0.678955 0.430664 0.033691 0.052734
2 0.742920 0.435059 0.030762 0.045898
3 0.712158 0.379883 0.084473 0.169922
0 0.806396 0.426758 0.009277 0.062500
9 0.823730 0.316406 0.009766 0.009766
9 0.831299 0.344238 0.013184 0.024414
9 0.818115 0.346191 0.013184 0.026367
9 0.817627 0.361328 0.008301 0.009766
9 0.831299 0.360352 0.008301 0.011719
0 0.891602 0.409668 0.009766 0.041992
9 0.856445 0.292480 0.026367 0.043945
9 0.858887 0.314453 0.015625 0.015625
9 0.841064 0.296387 0.020020 0.043945
9 0.840820 0.316895 0.014648 0.016602
9 0.858398 0.314453 0.014648 0.015625
2 0.944824 0.419922 0.054688 0.052734
7 0.956787 0.437988 0.059082 0.045898
2 0.480957 0.444336 0.110352 0.148438
0 0.250244 0.422852 0.039551 0.197266
0 0.285156 0.428223 0.038086 0.192383
0 0.314453 0.458984 0.030273 0.140625