2 0.597412 0.393066 0.053223 0.098633
2 0.599121 0.411621 0.042969 0.088867
0 0.695312 0.377930 0.014648 0.048828
2 0.616699 0.415039 0.042969 0.107422
2 0.657959 0.418457 0.090332 0.139648
9 0.654053 0.216309 0.034668 0.067383
9 0.676270 0.167480 0.040039 0.028320
2 0.532227 0.393555 0.006836 0.017578
2 0.500000 0.397461 0.014648 0.019531
2 0.513916 0.396484 0.017090 0.031250
2 0.489746 0.396484 0.013672 0.021484
2 0.482178 0.399414 0.011230 0.021484
2 0.470947 0.396973 0.018066 0.036133
2 0.458252 0.398438 0.014160 0.021484
7 0.459473 0.405762 0.001953 0.018555
2 0.387695 0.410156 0.050781 0.068359
2 0.332764 0.422363 0.043457 0.090820
2 0.307373 0.429688 0.045410 0.111328
2 0.239014 0.434082 0.117676 0.153320
7 0.199951 0.462402 0.049316 0.135742
7 0.184326 0.498535 0.051270 0.090820
7 0.159180 0.475586 0.059570 0.138672
2 0.059570 0.395996 0.119141 0.678711
9 0.537354 0.354492 0.003418 0.009766