9 0.308838 0.377930 0.015137 0.025391
9 0.470947 0.329102 0.015137 0.017578
9 0.469727 0.365234 0.025391 0.052734
9 0.421631 0.371582 0.015137 0.010742
2 0.316895 0.402344 0.020508 0.021484
2 0.338867 0.403809 0.019531 0.020508
8 0.312744 0.337891 0.012207 0.031250
8 0.386963 0.292969 0.008301 0.029297
8 0.221436 0.354004 0.012207 0.028320
2 0.236572 0.407227 0.047363 0.076172
2 0.201416 0.408203 0.070801 0.080078
2 0.148193 0.403809 0.075684 0.083008
2 0.080566 0.369141 0.052734 0.019531
2 0.535156 0.403809 0.021484 0.022461
2 0.542480 0.407715 0.030273 0.026367
9 0.581787 0.376465 0.007324 0.016602
2 0.626221 0.404297 0.009277 0.029297
2 0.685791 0.424805 0.023926 0.029297
2 0.699951 0.429199 0.025879 0.028320
2 0.652100 0.430176 0.045410 0.032227
9 0.705811 0.362305 0.011230 0.025391
9 0.705566 0.333008 0.014648 0.031250
8 0.822510 0.295410 0.008301 0.032227
8 0.832275 0.295410 0.008301 0.034180
8 0.808838 0.400879 0.012207 0.024414
8 0.838135 0.361816 0.009277 0.026367
8 0.838379 0.395996 0.009766 0.024414
8 0.688477 0.371094 0.014648 0.044922
9 0.740967 0.270508 0.108887 0.052734
9 0.743164 0.197754 0.109375 0.104492
9 0.711426 0.088379 0.030273 0.116211
9 0.739990 0.090332 0.030762 0.120117
8 0.570312 0.231445 0.009766 0.042969
9 0.471436 0.308105 0.017090 0.032227
8 0.476562 0.350098 0.021484 0.038086
0 0.372559 0.416016 0.012695 0.048828
0 0.719971 0.444824 0.039551 0.190430
2 0.089600 0.482910 0.179199 0.233398
2 0.396484 0.418457 0.026367 0.040039
2 0.604004 0.455078 0.014648 0.058594
2 0.577148 0.442383 0.061523 0.105469
2 0.515869 0.441895 0.038574 0.075195
2 0.475830 0.433594 0.063965 0.109375