0 0.161865 0.429199 0.007324 0.047852
0 0.008789 0.439941 0.017578 0.081055
0 0.089600 0.438965 0.011230 0.061523
0 0.112305 0.442383 0.011719 0.046875
0 0.104248 0.433594 0.013184 0.066406
0 0.257568 0.416016 0.006348 0.035156
0 0.262695 0.415039 0.004883 0.033203
0 0.272217 0.417480 0.008301 0.032227
0 0.249023 0.416016 0.007812 0.037109
0 0.244873 0.428223 0.008301 0.049805
0 0.250732 0.437988 0.008301 0.028320
2 0.401367 0.411133 0.019531 0.013672
0 0.325684 0.407715 0.003906 0.012695
2 0.317871 0.414551 0.018555 0.014648
8 0.395752 0.345215 0.005371 0.012695
0 0.486816 0.409180 0.006836 0.027344
0 0.531738 0.408203 0.006836 0.031250
9 0.522217 0.355957 0.009277 0.040039
0 0.451904 0.407715 0.006348 0.028320
0 0.456787 0.408203 0.004395 0.023438
0 0.465820 0.410645 0.004883 0.030273
9 0.431885 0.358887 0.008301 0.045898
0 0.414307 0.418945 0.016113 0.060547
0 0.825928 0.401855 0.018066 0.102539
0 0.742676 0.409668 0.019531 0.120117
1 0.793213 0.387695 0.017090 0.070312
7 0.793213 0.419922 0.017090 0.064453
7 0.791748 0.439941 0.019043 0.067383
9 0.925293 0.153809 0.021484 0.047852
0 0.929932 0.407715 0.022949 0.180664
0 0.960938 0.399414 0.026367 0.164062
0 0.942383 0.413086 0.029297 0.177734
4 0.630127 0.386230 0.150879 0.241211
1 0.349854 0.429199 0.027832 0.137695
7 0.348877 0.473633 0.024902 0.087891
8 0.417969 0.356445 0.011719 0.021484
0 0.321533 0.415527 0.003418 0.026367