9 0.286621 0.368164 0.002930 0.011719
9 0.286621 0.368164 0.002930 0.011719
9 0.290771 0.369629 0.003418 0.014648
9 0.311035 0.349121 0.005859 0.010742
9 0.310547 0.335449 0.008789 0.014648
8 0.307129 0.361328 0.004883 0.015625
2 0.265869 0.398926 0.009277 0.040039
2 0.277832 0.399414 0.024414 0.052734
2 0.250732 0.404297 0.009277 0.021484
2 0.241455 0.405273 0.020020 0.042969
2 0.223633 0.403809 0.011719 0.020508
2 0.213379 0.411621 0.018555 0.024414
2 0.196777 0.407227 0.011719 0.019531
2 0.185791 0.407715 0.019043 0.034180
8 0.333740 0.352051 0.004395 0.016602
8 0.307129 0.361328 0.004883 0.015625
2 0.177979 0.413574 0.020020 0.032227
8 0.394287 0.262207 0.007324 0.026367
8 0.393799 0.348145 0.012207 0.028320
0 0.334473 0.402344 0.009766 0.046875
8 0.060791 0.346680 0.013184 0.041016
8 0.172607 0.287109 0.008301 0.029297
9 0.032959 0.396973 0.004395 0.018555
8 0.021973 0.354492 0.010742 0.027344
8 0.007568 0.266602 0.008301 0.033203
9 0.411621 0.377441 0.005859 0.022461
8 0.339844 0.210938 0.012695 0.048828
8 0.408447 0.333984 0.011230 0.039062
9 0.410645 0.303711 0.008789 0.019531
9 0.429443 0.302246 0.018066 0.051758
2 0.457764 0.447754 0.130371 0.161133
0 0.642090 0.419434 0.059570 0.262695
3 0.265869 0.398926 0.009277 0.040039
3 0.277832 0.399414 0.024414 0.052734
2 0.280762 0.408691 0.024414 0.036133