9 0.556885 0.420410 0.006348 0.024414
9 0.727295 0.341797 0.009277 0.015625
9 0.727051 0.340820 0.008789 0.017578
2 0.123535 0.444824 0.021484 0.045898
2 0.442627 0.430664 0.042480 0.062500
9 0.556885 0.419922 0.006348 0.023438
2 0.529053 0.436523 0.020020 0.021484
8 0.397217 0.153809 0.018066 0.069336
8 0.487061 0.321289 0.007324 0.033203
8 0.505615 0.310547 0.016113 0.064453
9 0.494141 0.352539 0.019531 0.039062
9 0.495117 0.403809 0.021484 0.040039
2 0.345215 0.457031 0.081055 0.082031
2 0.213623 0.458984 0.099121 0.115234
9 0.093750 0.311523 0.025391 0.013672
8 0.121094 0.340332 0.016602 0.055664
9 0.107910 0.336426 0.013672 0.028320
9 0.108398 0.361328 0.012695 0.021484
7 0.013184 0.482422 0.026367 0.087891
1 0.015869 0.463379 0.031738 0.112305
8 0.827637 0.315918 0.025391 0.041992
9 0.830566 0.283691 0.009766 0.010742
9 0.960938 0.311035 0.014648 0.024414
8 0.254639 0.109375 0.017090 0.068359