2 0.416992 0.419922 0.009766 0.013672
9 0.393555 0.420410 0.002930 0.022461
9 0.365479 0.425293 0.002441 0.020508
8 0.371338 0.391113 0.004395 0.012695
8 0.356689 0.389648 0.006348 0.015625
2 0.351074 0.425293 0.014648 0.038086
2 0.340820 0.426758 0.021484 0.042969
2 0.325928 0.430176 0.029785 0.045898
2 0.290039 0.421875 0.046875 0.078125
2 0.262207 0.431641 0.047852 0.076172
2 0.221924 0.444336 0.062988 0.089844
8 0.467285 0.376465 0.002930 0.010742
9 0.487305 0.385742 0.005859 0.009766
8 0.471436 0.328613 0.005371 0.022461
8 0.497559 0.379883 0.003906 0.019531
9 0.502197 0.379883 0.006348 0.011719
9 0.612549 0.418945 0.025879 0.085938
0 0.504883 0.414062 0.008789 0.033203
0 0.497803 0.412598 0.006348 0.034180
9 0.521973 0.419434 0.004883 0.022461
9 0.533691 0.417969 0.005859 0.037109
9 0.546875 0.412109 0.006836 0.052734
9 0.514160 0.353027 0.006836 0.022461
9 0.520996 0.351562 0.005859 0.019531
0 0.798828 0.476562 0.051758 0.306641
0 0.853271 0.450195 0.056152 0.335938
2 0.468994 0.418945 0.035645 0.027344