8 0.552734 0.309082 0.004883 0.024414
8 0.551514 0.341797 0.005371 0.017578
9 0.558350 0.337891 0.013184 0.025391
9 0.556641 0.335449 0.009766 0.020508
9 0.557617 0.362305 0.008789 0.029297
8 0.572266 0.303223 0.004883 0.016602
8 0.567383 0.341309 0.005859 0.022461
2 0.567871 0.410645 0.040039 0.057617
9 0.584229 0.351562 0.010254 0.011719
9 0.583984 0.331055 0.009766 0.019531
9 0.717285 0.231445 0.028320 0.054688
9 0.718262 0.282227 0.027344 0.033203
9 0.785400 0.194336 0.023926 0.095703
9 0.516602 0.356445 0.007812 0.027344
8 0.494385 0.312988 0.003418 0.016602
8 0.457520 0.371582 0.005859 0.014648
8 0.396240 0.354980 0.008301 0.024414
9 0.387451 0.345215 0.009277 0.018555
9 0.387207 0.364258 0.009766 0.013672
9 0.386963 0.380859 0.010254 0.015625
9 0.371338 0.354980 0.007324 0.018555
9 0.370850 0.333008 0.010254 0.021484
0 0.309082 0.417480 0.019531 0.063477
0 0.296143 0.413574 0.014160 0.073242
9 0.215576 0.274902 0.012207 0.022461