0 0.514160 0.407227 0.008789 0.050781
0 0.523193 0.404297 0.008301 0.058594
0 0.537109 0.404297 0.006836 0.058594
2 0.618652 0.413574 0.080078 0.090820
0 0.731934 0.395020 0.014648 0.055664
2 0.699463 0.420410 0.101074 0.112305
9 0.804443 0.286621 0.015137 0.049805
9 0.414307 0.375000 0.006348 0.023438
9 0.388428 0.324707 0.013184 0.022461
0 0.295898 0.384277 0.007812 0.022461
0 0.286865 0.386719 0.006348 0.025391
1 0.318115 0.397949 0.015137 0.069336
7 0.317871 0.418945 0.015625 0.050781
9 0.265381 0.325684 0.006348 0.012695
9 0.266113 0.342773 0.007812 0.017578
9 0.052246 0.344727 0.004883 0.009766
9 0.151367 0.406250 0.015625 0.050781
7 0.179443 0.412598 0.017090 0.041992
6 0.213135 0.439453 0.026855 0.062500
6 0.245850 0.447754 0.076660 0.077148
2 0.404785 0.415527 0.038086 0.047852
0 0.250732 0.452637 0.045410 0.270508
7 0.469238 0.423828 0.007812 0.027344
9 0.424316 0.335449 0.006836 0.022461