2 0.501709 0.360840 0.011230 0.024414
9 0.489990 0.304688 0.012207 0.021484
2 0.516846 0.360840 0.024902 0.057617
2 0.556152 0.370117 0.015625 0.025391
9 0.571533 0.304688 0.009277 0.023438
2 0.579590 0.374512 0.017578 0.032227
2 0.586914 0.377930 0.021484 0.035156
2 0.599854 0.381836 0.018066 0.035156
2 0.613770 0.385254 0.025391 0.043945
9 0.648682 0.316895 0.007324 0.018555
0 0.667480 0.381348 0.008789 0.061523
0 0.692139 0.387207 0.011230 0.075195
9 0.700439 0.311523 0.015137 0.009766
9 0.650879 0.291504 0.011719 0.030273
2 0.796387 0.421387 0.129883 0.129883
2 0.892822 0.507324 0.214355 0.329102
9 0.314209 0.303711 0.014160 0.041016
2 0.269287 0.395996 0.054199 0.069336
9 0.206299 0.187500 0.026855 0.037109
9 0.187988 0.351562 0.012695 0.029297
2 0.176758 0.438965 0.132812 0.163086
2 0.158936 0.462402 0.107910 0.168945
2 0.095215 0.462891 0.190430 0.240234
2 0.031738 0.510742 0.063477 0.167969
9 0.879883 0.270996 0.009766 0.071289