2 0.480957 0.413574 0.030273 0.047852
9 0.593018 0.375488 0.007324 0.002930
2 0.588867 0.410156 0.029297 0.048828
7 0.571777 0.435059 0.008789 0.055664
1 0.572021 0.405273 0.020020 0.103516
2 0.621094 0.419434 0.055664 0.081055
7 0.633789 0.447266 0.017578 0.082031
1 0.630615 0.406250 0.025879 0.140625
2 0.982666 0.437500 0.034668 0.076172
9 0.822754 0.252930 0.026367 0.023438
9 0.820312 0.269043 0.014648 0.022461
9 0.816895 0.293945 0.011719 0.029297
9 0.805664 0.136719 0.040039 0.017578
9 0.781494 0.158691 0.005371 0.022461
9 0.781250 0.178711 0.003906 0.023438
2 0.981689 0.536133 0.036621 0.177734