9 0.699707 0.268066 0.015625 0.040039
9 0.700684 0.230957 0.016602 0.041992
9 0.354004 0.309082 0.011719 0.043945
9 0.213135 0.259277 0.020996 0.040039
9 0.212646 0.225586 0.020996 0.035156
0 0.052490 0.373535 0.042480 0.090820
2 0.429443 0.411133 0.123535 0.111328
2 0.557617 0.439941 0.051758 0.057617
2 0.291260 0.444336 0.103027 0.175781
2 0.253174 0.470703 0.112793 0.208984
2 0.139893 0.495605 0.230957 0.297852
2 0.075928 0.562012 0.151855 0.438477
2 0.593506 0.454590 0.071777 0.153320
2 0.654785 0.471680 0.127930 0.212891
2 0.786133 0.532227 0.290039 0.330078
2 0.941406 0.673828 0.117188 0.376953
0 0.328613 0.444824 0.039062 0.200195
0 0.362061 0.428223 0.034668 0.209961
7 0.358398 0.481934 0.035156 0.151367
9 0.769287 0.303711 0.028809 0.013672
9 0.886963 0.152832 0.019043 0.028320