9 0.476562 0.349609 0.008789 0.015625
9 0.476318 0.360352 0.007324 0.003906
9 0.477783 0.373535 0.008301 0.016602
9 0.477295 0.384766 0.007324 0.005859
9 0.510742 0.314453 0.009766 0.031250
9 0.508545 0.347168 0.015137 0.030273
0 0.398926 0.439941 0.021484 0.124023
0 0.414307 0.433105 0.025879 0.135742
0 0.371826 0.429199 0.020020 0.127930
0 0.539551 0.432617 0.017578 0.109375
0 0.550293 0.429688 0.021484 0.115234
0 0.572266 0.427734 0.034180 0.162109
0 0.618164 0.434570 0.041992 0.169922
9 0.082031 0.054688 0.011719 0.109375