2 0.387695 0.413086 0.093750 0.113281
2 0.387939 0.412598 0.093262 0.114258
2 0.317871 0.435059 0.102539 0.102539
9 0.208008 0.300293 0.015625 0.043945
9 0.209229 0.333496 0.013184 0.024414
2 0.245361 0.446777 0.145020 0.106445
0 0.257080 0.444824 0.022949 0.141602
0 0.385742 0.416016 0.022461 0.125000
0 0.408447 0.416992 0.020020 0.115234
0 0.675537 0.336426 0.006348 0.026367
0 0.669922 0.339355 0.007812 0.030273
0 0.658203 0.346191 0.006836 0.045898
0 0.585449 0.375488 0.015625 0.065430
2 0.686279 0.382324 0.059082 0.079102
2 0.738770 0.395508 0.089844 0.128906
2 0.811768 0.397461 0.113770 0.185547
9 0.777344 0.150391 0.049805 0.109375
9 0.871582 0.207520 0.032227 0.079102
8 0.802734 0.292969 0.004883 0.023438
9 0.726562 0.328125 0.014648 0.023438
4 0.664062 0.284180 0.004883 0.007812
4 0.680420 0.292480 0.004395 0.006836
4 0.690186 0.297852 0.004395 0.005859
4 0.698242 0.304199 0.003906 0.006836
8 0.707520 0.192383 0.006836 0.027344
0 0.612061 0.321289 0.006348 0.015625
0 0.583984 0.375488 0.012695 0.065430