9 0.677979 0.362305 0.013184 0.007812
9 0.677979 0.351562 0.013184 0.005859
2 0.234131 0.383301 0.047363 0.069336
2 0.424072 0.386719 0.023926 0.035156
2 0.404785 0.385254 0.028320 0.047852
0 0.192383 0.380859 0.033203 0.138672
0 0.146240 0.385742 0.029785 0.142578
0 0.103027 0.380371 0.027344 0.143555
2 0.035400 0.420410 0.070801 0.260742
8 0.580322 0.346191 0.006348 0.016602
8 0.588379 0.329590 0.003906 0.022461
9 0.587891 0.353027 0.005859 0.010742
2 0.556885 0.391602 0.038574 0.058594
9 0.605225 0.322266 0.016113 0.042969
9 0.618652 0.164551 0.055664 0.032227
9 0.617920 0.199707 0.054199 0.032227
7 0.711426 0.397949 0.012695 0.024414
9 0.617432 0.230957 0.054199 0.020508
9 0.616455 0.259277 0.054199 0.024414
9 0.615967 0.286133 0.053223 0.019531
2 0.587891 0.401855 0.018555 0.075195
2 0.622314 0.403809 0.080566 0.127930
7 0.767090 0.415039 0.032227 0.042969
7 0.968262 0.447754 0.057617 0.077148
9 0.669678 0.367676 0.005371 0.010742