0 0.074463 0.423340 0.009277 0.059570
0 0.105225 0.426758 0.009277 0.048828
0 0.583984 0.404785 0.002930 0.010742
0 0.589844 0.402832 0.002930 0.012695
9 0.635010 0.251465 0.018066 0.051758
9 0.600098 0.356445 0.009766 0.007812
2 0.548096 0.425293 0.038574 0.063477
0 0.425537 0.415527 0.008301 0.069336
7 0.322266 0.473633 0.030273 0.060547
0 0.412109 0.416504 0.019531 0.067383
0 0.325439 0.449707 0.024902 0.122070
0 0.346924 0.445801 0.027832 0.139648
7 0.164551 0.507324 0.051758 0.125977
7 0.221191 0.488281 0.036133 0.117188
7 0.251953 0.478027 0.027344 0.104492
9 0.377930 0.344238 0.018555 0.012695
9 0.377441 0.332031 0.017578 0.005859
8 0.044434 0.375488 0.006836 0.028320
7 0.297119 0.478516 0.023926 0.070312
9 0.411377 0.356445 0.013184 0.007812
0 0.408936 0.416992 0.013184 0.068359