4 0.087646 0.365723 0.143066 0.250977
2 0.038574 0.458008 0.077148 0.138672
2 0.011475 0.480469 0.022949 0.117188
8 0.186035 0.389160 0.004883 0.010742
8 0.187012 0.362305 0.004883 0.007812
8 0.189697 0.369629 0.005371 0.028320
9 0.188965 0.391113 0.006836 0.010742
9 0.207275 0.376465 0.005371 0.016602
2 0.273926 0.422363 0.042969 0.038086
2 0.285645 0.421387 0.051758 0.041992
2 0.300537 0.423828 0.026855 0.035156
2 0.306396 0.426270 0.017090 0.024414
9 0.277344 0.358887 0.009766 0.024414
2 0.436279 0.408203 0.032715 0.031250
2 0.451416 0.415527 0.032715 0.040039
2 0.467041 0.414551 0.024902 0.041992
2 0.496094 0.415039 0.032227 0.041016
2 0.365967 0.416504 0.064941 0.051758
2 0.406006 0.421387 0.072754 0.043945
9 0.364746 0.334961 0.029297 0.011719
9 0.354736 0.354492 0.029785 0.019531
9 0.498535 0.338867 0.010742 0.029297
0 0.480225 0.418945 0.020020 0.093750
2 0.937500 0.404785 0.045898 0.043945
0 0.933105 0.401367 0.011719 0.054688
0 0.873779 0.390137 0.006348 0.034180
2 0.886475 0.409668 0.057129 0.043945
2 0.835205 0.410156 0.051270 0.056641
2 0.801514 0.419434 0.040527 0.055664
2 0.766113 0.420410 0.058594 0.057617
1 0.766846 0.415039 0.012207 0.054688
7 0.765869 0.434082 0.009277 0.028320
2 0.709717 0.411621 0.053223 0.047852
2 0.664795 0.423340 0.048340 0.075195
9 0.707275 0.326172 0.007324 0.019531
2 0.631348 0.421875 0.049805 0.087891
1 0.657959 0.437012 0.021973 0.083008
7 0.658203 0.462891 0.020508 0.066406
4 0.569580 0.352539 0.127441 0.300781
9 0.676025 0.291016 0.018066 0.044922
2 0.978271 0.422852 0.042480 0.066406
6 0.985596 0.466309 0.027832 0.209961
1 0.725830 0.425781 0.038574 0.156250
7 0.726562 0.477051 0.035156 0.125977
9 0.708252 0.311035 0.004395 0.006836