0 0.508789 0.427246 0.008789 0.043945
0 0.490967 0.431152 0.010254 0.038086
0 0.501465 0.432617 0.006836 0.041016
0 0.484131 0.433105 0.007324 0.057617
0 0.450684 0.436523 0.008789 0.056641
9 0.502441 0.378418 0.011719 0.022461
0 0.193848 0.433594 0.041016 0.126953
2 0.601807 0.423340 0.013184 0.034180
2 0.590820 0.420410 0.011719 0.024414
0 0.245117 0.469238 0.038086 0.200195
0 0.034424 0.458496 0.052246 0.291992
0 0.466309 0.437500 0.010742 0.064453
0 0.543701 0.421387 0.005371 0.028320
2 0.602783 0.422852 0.011230 0.029297
2 0.562256 0.422852 0.019043 0.025391
2 0.603271 0.419434 0.012207 0.022461
1 0.552002 0.416504 0.006348 0.022461
6 0.552979 0.428711 0.011230 0.025391
2 0.581299 0.422363 0.026855 0.030273
2 0.602295 0.424316 0.018066 0.032227
2 0.611084 0.426270 0.018066 0.036133
2 0.621094 0.428223 0.017578 0.038086
2 0.585205 0.452148 0.049316 0.062500
0 0.658691 0.427246 0.010742 0.059570
0 0.754150 0.460449 0.046387 0.157227
9 0.702148 0.260254 0.015625 0.045898
7 0.754395 0.528320 0.032227 0.171875
1 0.748779 0.451172 0.054199 0.234375
2 0.946045 0.527832 0.106934 0.311523
9 0.657227 0.361816 0.007812 0.014648
9 0.665527 0.352539 0.011719 0.011719
9 0.672119 0.366699 0.011230 0.018555