8 0.532471 0.348145 0.003418 0.014648
9 0.498779 0.326172 0.009277 0.017578
2 0.644531 0.376465 0.008789 0.010742
9 0.666748 0.316406 0.010254 0.003906
9 0.667969 0.321289 0.007812 0.003906
9 0.666992 0.328125 0.009766 0.005859
9 0.668457 0.336426 0.007812 0.006836
9 0.663574 0.338379 0.005859 0.010742
0 0.661865 0.372559 0.005371 0.030273
9 0.653076 0.331055 0.025879 0.017578
9 0.658203 0.297363 0.007812 0.016602
9 0.652588 0.314941 0.026855 0.016602
8 0.620605 0.274414 0.003906 0.023438
9 0.650391 0.309082 0.011719 0.022461
0 0.694580 0.367676 0.012207 0.043945
0 0.725098 0.359863 0.029297 0.061523
0 0.718994 0.361328 0.017090 0.058594
8 0.719482 0.270996 0.012207 0.043945
0 0.745850 0.348633 0.007324 0.017578
7 0.761963 0.362305 0.009277 0.029297
1 0.762207 0.346680 0.011719 0.042969
9 0.742676 0.235352 0.033203 0.013672
9 0.742920 0.250488 0.033691 0.014648
9 0.742432 0.267090 0.029785 0.016602
9 0.735840 0.284180 0.017578 0.013672
9 0.765625 0.255859 0.011719 0.011719
8 0.763916 0.296387 0.006348 0.016602
9 0.767822 0.317871 0.007324 0.008789
7 0.815918 0.348145 0.010742 0.028320
9 0.813721 0.274902 0.011230 0.024414
8 0.558838 0.038086 0.014160 0.076172
9 0.704834 0.174805 0.020020 0.039062
9 0.705566 0.202637 0.016602 0.014648
9 0.707520 0.293945 0.014648 0.025391
8 0.706543 0.319336 0.004883 0.027344
9 0.462891 0.344727 0.011719 0.005859
9 0.463379 0.352051 0.011719 0.008789
7 0.244629 0.432617 0.027344 0.035156
1 0.243164 0.414551 0.012695 0.045898
7 0.135986 0.437012 0.023926 0.038086
9 0.140625 0.351562 0.003906 0.021484
9 0.141113 0.366699 0.004883 0.010742
1 0.133057 0.423340 0.011230 0.047852
7 0.332275 0.435059 0.057129 0.081055
1 0.330322 0.416504 0.027832 0.098633
8 0.468750 0.288086 0.004883 0.021484
8 0.471680 0.253418 0.011719 0.059570
9 0.471924 0.306641 0.016113 0.027344
9 0.473877 0.382324 0.018066 0.036133
2 0.551514 0.410156 0.059082 0.123047
2 0.526123 0.432129 0.102051 0.159180
8 0.706787 0.246094 0.010254 0.052734