9 0.349365 0.288574 0.010254 0.012695
9 0.388916 0.261719 0.004395 0.017578
9 0.342285 0.317383 0.014648 0.029297
9 0.388916 0.292480 0.006348 0.020508
9 0.388672 0.317383 0.004883 0.023438
7 0.273438 0.529785 0.063477 0.235352
1 0.466553 0.383301 0.014160 0.065430
7 0.466309 0.406250 0.010742 0.046875
2 0.493896 0.404785 0.049316 0.100586
0 0.546631 0.355469 0.010254 0.025391
0 0.559326 0.379395 0.022949 0.090820
2 0.526611 0.409180 0.079590 0.111328
7 0.532715 0.423340 0.026367 0.086914
7 0.519775 0.422363 0.026855 0.090820
9 0.580811 0.267090 0.023926 0.059570
7 0.595215 0.405273 0.020508 0.070312
7 0.606934 0.436523 0.037109 0.125000
7 0.867920 0.503906 0.101074 0.279297
9 0.459717 0.302734 0.010254 0.007812