2 0.359131 0.446289 0.015137 0.025391
9 0.362793 0.365234 0.008789 0.015625
8 0.343750 0.413086 0.005859 0.025391
2 0.326172 0.446777 0.025391 0.034180
2 0.304688 0.440918 0.012695 0.049805
2 0.291504 0.437012 0.031250 0.055664
9 0.292969 0.383301 0.007812 0.020508
9 0.271729 0.375977 0.008301 0.023438
2 0.277100 0.445312 0.025879 0.046875
2 0.261475 0.441895 0.025879 0.055664
2 0.249268 0.440918 0.026855 0.063477
2 0.222900 0.435547 0.055176 0.076172
9 0.238770 0.354980 0.011719 0.022461
8 0.052246 0.231934 0.017578 0.051758
7 0.148682 0.477539 0.040527 0.130859
8 0.032227 0.136230 0.032227 0.161133
9 0.039062 0.283203 0.044922 0.074219
9 0.444092 0.332520 0.015137 0.026367
2 0.424561 0.440918 0.135254 0.094727
9 0.557373 0.239746 0.028809 0.057617
8 0.601807 0.331543 0.008301 0.016602
8 0.609619 0.388184 0.004395 0.024414
2 0.834717 0.454590 0.065918 0.041992
9 0.652344 0.265625 0.006836 0.050781
2 0.738281 0.431641 0.140625 0.093750
0 0.740967 0.448730 0.055176 0.311523
7 0.791260 0.495117 0.087402 0.222656
0 0.849121 0.408691 0.038086 0.161133
9 0.845703 0.176270 0.012695 0.071289
9 0.844727 0.225098 0.011719 0.022461
8 0.844238 0.250000 0.013672 0.029297
8 0.827393 0.106445 0.031738 0.212891
9 0.816895 0.266602 0.048828 0.082031
9 0.815674 0.428223 0.026855 0.045898
0 0.992676 0.384277 0.013672 0.096680
8 0.814453 0.351074 0.012695 0.081055
8 0.806152 0.169434 0.011719 0.043945
8 0.615967 0.308594 0.013184 0.052734
9 0.124268 0.268555 0.028809 0.013672