9 0.576660 0.336914 0.009766 0.017578
2 0.576416 0.434570 0.030762 0.093750
2 0.596924 0.436035 0.056152 0.110352
2 0.628906 0.444336 0.080078 0.128906
9 0.668945 0.371582 0.004883 0.018555
2 0.680664 0.465332 0.114258 0.176758
2 0.740967 0.493164 0.134277 0.248047
2 0.860596 0.521973 0.277832 0.415039
2 0.949951 0.619629 0.099121 0.499023
2 0.516602 0.409668 0.020508 0.036133
2 0.469482 0.415039 0.018066 0.025391
2 0.488525 0.413574 0.027832 0.024414
9 0.467529 0.382812 0.006348 0.015625
2 0.454834 0.413574 0.018066 0.028320
9 0.435791 0.385742 0.005371 0.009766
2 0.412842 0.418457 0.051270 0.092773
2 0.273926 0.438477 0.090820 0.136719
2 0.345703 0.444336 0.112305 0.169922
2 0.062744 0.503418 0.125488 0.231445