0 0.481445 0.497559 0.007812 0.047852
0 0.495361 0.499023 0.009277 0.048828
0 0.491943 0.505371 0.016113 0.051758
2 0.520508 0.509766 0.020508 0.060547
2 0.558350 0.519043 0.085449 0.180664
0 0.636230 0.516113 0.017578 0.084961
0 0.652344 0.506348 0.011719 0.077148
0 0.677002 0.525879 0.019043 0.077148
7 0.658691 0.556152 0.036133 0.112305
9 0.657471 0.302734 0.027832 0.052734
9 0.657715 0.388672 0.025391 0.085938
0 0.627686 0.534180 0.066895 0.277344
0 0.591553 0.537598 0.037598 0.276367
0 0.545410 0.550781 0.050781 0.320312
9 0.384277 0.456543 0.027344 0.045898
2 0.440918 0.513184 0.086914 0.139648
0 0.450684 0.509766 0.047852 0.242188
0 0.426270 0.530273 0.048828 0.210938
0 0.405029 0.540039 0.060059 0.355469
0 0.363037 0.524414 0.059082 0.302734
0 0.418213 0.556641 0.059082 0.353516
0 0.300293 0.504395 0.050781 0.268555
0 0.301270 0.524902 0.056641 0.237305
0 0.330078 0.541016 0.055664 0.285156
7 0.765625 0.542480 0.022461 0.116211
7 0.752930 0.540039 0.029297 0.126953
0 0.707031 0.538086 0.043945 0.263672
0 0.263916 0.506836 0.030762 0.205078
0 0.207520 0.525391 0.066406 0.251953
0 0.118896 0.542969 0.086426 0.314453
0 0.064453 0.552734 0.078125 0.339844
0 0.025879 0.542480 0.051758 0.424805
9 0.923828 0.192871 0.051758 0.034180
9 0.923828 0.231445 0.051758 0.041016
9 0.924805 0.270020 0.070312 0.030273
9 0.925537 0.251465 0.071777 0.028320
9 0.924561 0.293945 0.071777 0.029297
9 0.924072 0.312012 0.053223 0.024414
9 0.925293 0.335449 0.029297 0.026367
7 0.921387 0.583008 0.125000 0.138672
7 0.983643 0.598633 0.031738 0.164062
0 0.869873 0.544922 0.056152 0.351562
0 0.851807 0.557617 0.070801 0.343750
0 0.955322 0.538086 0.038574 0.337891
0 0.940186 0.577148 0.058105 0.341797
0 0.953613 0.549316 0.061523 0.426758
7 0.991455 0.631348 0.016113 0.100586