2 0.024170 0.451660 0.039551 0.028320
2 0.189697 0.442383 0.081543 0.052734
8 0.131104 0.368164 0.011230 0.035156
9 0.139648 0.364746 0.004883 0.028320
9 0.153320 0.384277 0.031250 0.016602
9 0.005859 0.349121 0.011719 0.059570
8 0.100098 0.430664 0.006836 0.023438
8 0.096436 0.375977 0.012207 0.052734
8 0.281250 0.360840 0.004883 0.014648
8 0.306885 0.366211 0.008301 0.031250
9 0.327148 0.370117 0.003906 0.019531
9 0.326172 0.356445 0.012695 0.007812
9 0.330811 0.371094 0.005371 0.019531
9 0.331055 0.352539 0.003906 0.019531
8 0.464600 0.380859 0.002441 0.017578
8 0.458008 0.280273 0.008789 0.019531
8 0.462646 0.318848 0.015137 0.043945
9 0.464600 0.359375 0.012207 0.021484
2 0.505127 0.405762 0.062012 0.069336
0 0.584229 0.393555 0.009277 0.039062
8 0.677246 0.354004 0.004883 0.010742
2 0.648438 0.388672 0.035156 0.046875
7 0.653320 0.411133 0.015625 0.041016
8 0.644531 0.305176 0.007812 0.040039
9 0.644775 0.336914 0.012207 0.023438
9 0.671631 0.315430 0.005371 0.021484
2 0.830811 0.402344 0.162598 0.228516