2 0.517822 0.409668 0.011230 0.018555
2 0.521729 0.409668 0.011230 0.018555
2 0.538330 0.408691 0.015137 0.024414
2 0.554932 0.416016 0.028809 0.048828
2 0.563477 0.419434 0.045898 0.077148
7 0.609131 0.422852 0.012207 0.035156
9 0.610840 0.362793 0.010742 0.026367
9 0.610840 0.375977 0.008789 0.005859
9 0.637451 0.314453 0.031738 0.015625
9 0.637695 0.335449 0.032227 0.016602
9 0.637695 0.353027 0.032227 0.012695
8 0.532715 0.112793 0.008789 0.022461
9 0.532959 0.143555 0.016113 0.025391
8 0.666504 0.302246 0.011719 0.020508
9 0.665283 0.340332 0.018066 0.028320
0 0.770752 0.424805 0.020996 0.130859
9 0.937500 0.203613 0.048828 0.106445
9 0.937256 0.261719 0.038574 0.027344
2 0.471191 0.414551 0.003906 0.022461
2 0.466553 0.402344 0.002441 0.007812
2 0.461670 0.400391 0.002441 0.009766
9 0.386719 0.352539 0.006836 0.021484
0 0.343750 0.390137 0.008789 0.041992
2 0.301270 0.441895 0.028320 0.057617
9 0.125244 0.347656 0.012207 0.023438
2 0.459961 0.410156 0.027344 0.029297
2 0.457520 0.414062 0.014648 0.027344
2 0.452881 0.412598 0.016113 0.038086
2 0.439209 0.413086 0.030762 0.039062
2 0.426270 0.414551 0.056641 0.043945
2 0.357910 0.423340 0.084961 0.081055
2 0.345947 0.425293 0.060059 0.071289
2 0.286377 0.417969 0.152832 0.115234
2 0.263428 0.429688 0.103027 0.107422
7 0.308594 0.462891 0.041016 0.080078
2 0.251953 0.444824 0.076172 0.125977
2 0.191406 0.439941 0.108398 0.127930
2 0.187500 0.459473 0.109375 0.161133
2 0.079590 0.452637 0.159180 0.245117
2 0.029541 0.487793 0.059082 0.256836
7 0.666260 0.444336 0.007324 0.039062
9 0.694336 0.335938 0.010742 0.009766
9 0.489258 0.387207 0.002930 0.008789
9 0.505615 0.386230 0.008301 0.010742
7 0.687500 0.434570 0.013672 0.058594