2 0.791504 0.428711 0.025391 0.029297
0 0.764404 0.419922 0.006348 0.017578
2 0.749512 0.427246 0.031250 0.032227
0 0.735596 0.424316 0.006348 0.032227
2 0.714600 0.419434 0.035645 0.041992
2 0.675049 0.417969 0.022949 0.044922
2 0.657959 0.417969 0.038574 0.044922
0 0.612061 0.405762 0.008301 0.020508
2 0.625000 0.419434 0.046875 0.041992
2 0.593262 0.414551 0.036133 0.047852
2 0.581299 0.417480 0.053223 0.051758
0 0.467529 0.375000 0.011230 0.027344
9 0.418945 0.330566 0.005859 0.022461
8 0.406006 0.346191 0.007324 0.014648
0 0.650146 0.422852 0.011230 0.054688
0 0.641113 0.419434 0.009766 0.061523
9 0.620605 0.345215 0.013672 0.026367
2 0.469727 0.424316 0.055664 0.096680
2 0.412109 0.423340 0.086914 0.124023
8 0.358887 0.302246 0.011719 0.014648
2 0.333008 0.430664 0.119141 0.154297
0 0.270264 0.420410 0.028809 0.182617
2 0.194336 0.414062 0.195312 0.259766
2 0.512451 0.435059 0.104004 0.133789
2 0.905762 0.442871 0.041992 0.088867
2 0.931396 0.420410 0.006348 0.034180
2 0.949951 0.450684 0.065918 0.104492
2 0.975586 0.460449 0.047852 0.124023
8 0.757568 0.344238 0.010254 0.024414
8 0.753174 0.342773 0.006348 0.027344
8 0.750732 0.385254 0.003418 0.012695