9 0.747070 0.249512 0.022461 0.016602
9 0.779785 0.266113 0.021484 0.010742
8 0.709473 0.118164 0.024414 0.054688
9 0.708252 0.193359 0.040527 0.070312
7 0.758301 0.412598 0.052734 0.069336
7 0.724609 0.449707 0.066406 0.122070
0 0.918945 0.312012 0.018555 0.049805
0 0.773438 0.397461 0.031250 0.171875
2 0.517090 0.408203 0.018555 0.033203
9 0.624512 0.323242 0.008789 0.035156
9 0.552979 0.372070 0.002441 0.019531
9 0.559570 0.352051 0.012695 0.006836
9 0.560547 0.358398 0.010742 0.003906
9 0.559814 0.366211 0.012207 0.007812
9 0.556885 0.375000 0.003418 0.007812
8 0.555908 0.360352 0.004395 0.019531
9 0.561035 0.365234 0.004883 0.009766
2 0.571045 0.413086 0.015137 0.054688
2 0.593506 0.400391 0.043457 0.087891
2 0.606934 0.409180 0.046875 0.072266
2 0.535400 0.404297 0.033691 0.064453
0 0.099609 0.394531 0.018555 0.058594
7 0.138672 0.475586 0.039062 0.117188
2 0.498779 0.406738 0.013184 0.053711
2 0.045654 0.551270 0.091309 0.366211
2 0.896240 0.534180 0.206543 0.447266
9 0.628174 0.412598 0.020996 0.038086
9 0.586182 0.443848 0.004395 0.030273
9 0.598389 0.437012 0.007324 0.032227
9 0.607910 0.435547 0.009766 0.033203
2 0.441650 0.407715 0.032715 0.034180
2 0.425537 0.404785 0.041504 0.041992
2 0.431396 0.417969 0.020020 0.029297
2 0.423096 0.417480 0.015137 0.036133
2 0.415527 0.410645 0.021484 0.036133
2 0.413818 0.416504 0.017090 0.043945
2 0.411377 0.416504 0.012207 0.043945
2 0.386475 0.410156 0.045410 0.062500
2 0.367920 0.407227 0.048340 0.050781
2 0.372314 0.420410 0.032715 0.053711
2 0.358398 0.419922 0.048828 0.060547
2 0.291748 0.462891 0.141113 0.201172