2 0.499756 0.439941 0.008301 0.014648
2 0.528076 0.439453 0.007324 0.011719
7 0.353027 0.447754 0.036133 0.047852
1 0.350830 0.431641 0.020996 0.074219
1 0.352295 0.432617 0.018066 0.072266
5 0.895752 0.295410 0.207520 0.403320
2 0.574707 0.437012 0.006836 0.010742
9 0.727539 0.366211 0.009766 0.039062
8 0.754883 0.327637 0.008789 0.040039
8 0.596680 0.326660 0.007812 0.043945
9 0.595947 0.365234 0.013184 0.021484
7 0.700928 0.442383 0.013184 0.025391
9 0.594482 0.280762 0.017090 0.038086
9 0.449951 0.410645 0.010254 0.006836
0 0.401611 0.438965 0.009277 0.051758
8 0.004639 0.188477 0.009277 0.115234
9 0.531982 0.411133 0.006348 0.003906