2 0.376953 0.412109 0.008789 0.011719
2 0.390137 0.409668 0.008789 0.016602
8 0.379883 0.362793 0.001953 0.010742
4 0.343262 0.387207 0.063477 0.114258
2 0.443115 0.399902 0.017090 0.038086
2 0.450439 0.408691 0.016113 0.022461
2 0.462402 0.406250 0.018555 0.025391
2 0.474365 0.406250 0.019043 0.025391
2 0.482422 0.405273 0.016602 0.029297
2 0.492920 0.403809 0.017090 0.036133
2 0.501465 0.403320 0.021484 0.041016
2 0.503906 0.403320 0.016602 0.041016
2 0.513184 0.405273 0.019531 0.044922
2 0.527588 0.406738 0.028809 0.053711
2 0.531006 0.407715 0.021973 0.051758
2 0.545898 0.406250 0.027344 0.060547
2 0.551514 0.408691 0.023926 0.061523
2 0.573975 0.404785 0.049316 0.081055
2 0.596924 0.414551 0.056152 0.096680
2 0.647461 0.423340 0.097656 0.147461
2 0.817139 0.406738 0.271973 0.362305