9 0.582031 0.188477 0.033203 0.042969
0 0.065674 0.396973 0.020020 0.086914
0 0.044189 0.425293 0.040527 0.217773
0 0.122559 0.420898 0.044922 0.087891
0 0.134033 0.419922 0.046387 0.087891
0 0.134033 0.435059 0.025879 0.110352
0 0.135254 0.438477 0.060547 0.123047
0 0.180664 0.406250 0.039062 0.216797
0 0.285400 0.410156 0.036621 0.205078
0 0.252930 0.410645 0.039062 0.221680
9 0.409668 0.174316 0.014648 0.041992
9 0.413330 0.219238 0.023926 0.047852
0 0.383545 0.422363 0.078613 0.223633
0 0.840820 0.358887 0.032227 0.083008
0 0.805420 0.400391 0.023926 0.158203
0 0.844482 0.398438 0.041504 0.187500
0 0.881592 0.389160 0.037598 0.190430
0 0.964844 0.399414 0.027344 0.156250
0 0.402588 0.427246 0.040527 0.213867