2 0.023438 0.454102 0.042969 0.054688
2 0.053955 0.442383 0.039551 0.035156
2 0.093506 0.447266 0.044434 0.044922
0 0.552734 0.430664 0.019531 0.105469
2 0.395752 0.456055 0.044434 0.097656
2 0.432129 0.450195 0.074219 0.132812
2 0.484863 0.458496 0.102539 0.145508
0 0.569092 0.433105 0.020996 0.100586
9 0.589600 0.186035 0.049316 0.096680
0 0.689941 0.425293 0.034180 0.192383
0 0.766602 0.430664 0.025391 0.179688
0 0.721924 0.423828 0.026855 0.183594
2 0.220703 0.457520 0.074219 0.094727
2 0.202148 0.462891 0.117188 0.158203
9 0.235352 0.211914 0.041992 0.087891