0 0.481201 0.359863 0.004395 0.022461
9 0.426514 0.351074 0.007324 0.012695
0 0.406494 0.387207 0.006348 0.034180
9 0.398926 0.360352 0.007812 0.015625
0 0.390137 0.401367 0.005859 0.039062
0 0.399658 0.410645 0.010254 0.061523
8 0.252686 0.295898 0.010254 0.060547
8 0.248291 0.286133 0.016113 0.042969
0 0.185059 0.387695 0.013672 0.058594
0 0.067383 0.394531 0.022461 0.058594
7 0.021484 0.455566 0.044922 0.092773
9 0.144043 0.268555 0.010742 0.017578
9 0.122803 0.294922 0.025879 0.015625
9 0.122803 0.306641 0.010254 0.009766
0 0.521973 0.383301 0.003906 0.018555
9 0.532715 0.355469 0.007812 0.013672
2 0.523926 0.406738 0.054688 0.043945
0 0.578125 0.383789 0.005859 0.017578
0 0.563965 0.387695 0.008789 0.019531
9 0.561035 0.412109 0.008789 0.025391
8 0.542236 0.271973 0.013184 0.047852
8 0.561279 0.270996 0.015137 0.045898
9 0.550781 0.395508 0.015625 0.033203
9 0.552490 0.323730 0.009277 0.014648
9 0.550049 0.342773 0.006348 0.015625
9 0.623535 0.328613 0.011719 0.034180
9 0.634033 0.335938 0.018066 0.031250
9 0.641357 0.325195 0.017090 0.033203
0 0.673584 0.379395 0.017090 0.018555
2 0.633301 0.420410 0.082031 0.143555
6 0.684326 0.410645 0.019043 0.045898
8 0.929199 0.282227 0.014648 0.044922
8 0.950928 0.275391 0.016113 0.064453
8 0.943848 0.282227 0.013672 0.046875
2 0.938477 0.545410 0.120117 0.407227
9 0.728027 0.315918 0.013672 0.028320
9 0.721680 0.268066 0.018555 0.036133
0 0.475342 0.346191 0.003418 0.010742