9 0.496826 0.393066 0.005371 0.010742
0 0.497803 0.424316 0.003418 0.018555
0 0.476807 0.444824 0.005371 0.032227
0 0.483643 0.442871 0.007324 0.043945
0 0.491455 0.443848 0.006348 0.043945
0 0.494385 0.445312 0.013184 0.042969
0 0.510986 0.428223 0.004395 0.016602
0 0.512695 0.443359 0.008789 0.039062
0 0.522461 0.440918 0.006836 0.051758
0 0.526855 0.433105 0.006836 0.040039
9 0.556152 0.342773 0.010742 0.025391
9 0.546875 0.362305 0.005859 0.017578
9 0.448730 0.316895 0.010742 0.006836
0 0.414062 0.426758 0.006836 0.023438
0 0.420410 0.428223 0.005859 0.020508
0 0.425049 0.425293 0.007324 0.026367
0 0.400879 0.434570 0.003906 0.021484
0 0.396484 0.430176 0.005859 0.024414
0 0.393066 0.433105 0.011719 0.041992
0 0.383057 0.435059 0.019043 0.047852
0 0.369141 0.433105 0.012695 0.040039
0 0.362305 0.429199 0.014648 0.038086
0 0.328369 0.432617 0.020020 0.046875
0 0.329834 0.439453 0.019043 0.066406
0 0.318115 0.442383 0.018066 0.064453
0 0.304199 0.437500 0.024414 0.044922
0 0.267578 0.429199 0.018555 0.043945
0 0.279785 0.407227 0.034180 0.113281
0 0.262207 0.440918 0.032227 0.098633
0 0.229004 0.407715 0.028320 0.036133
0 0.249756 0.452148 0.029785 0.101562
0 0.200195 0.424316 0.016602 0.106445
0 0.204834 0.435059 0.018066 0.075195
0 0.221924 0.430176 0.049316 0.102539
0 0.175781 0.421875 0.019531 0.066406
0 0.190186 0.420410 0.008301 0.083008
0 0.114014 0.411133 0.019043 0.062500
0 0.144287 0.411133 0.019043 0.050781
0 0.159912 0.418457 0.043457 0.083008
0 0.131104 0.425293 0.054199 0.083008
0 0.077637 0.395020 0.008789 0.030273
0 0.046631 0.403809 0.018066 0.045898
0 0.074463 0.430664 0.053223 0.125000
0 0.043701 0.444336 0.047363 0.148438
0 0.341064 0.461914 0.034668 0.193359
8 0.646973 0.371094 0.004883 0.013672
2 0.655029 0.437500 0.026855 0.027344
2 0.689941 0.428223 0.013672 0.022461
0 0.582031 0.441895 0.019531 0.102539
9 0.595459 0.361328 0.015137 0.044922
0 0.597900 0.438477 0.016113 0.078125
0 0.614502 0.440918 0.016113 0.073242
0 0.684082 0.431641 0.008789 0.029297
9 0.749512 0.394531 0.007812 0.015625
2 0.746094 0.430176 0.023438 0.038086
0 0.677002 0.441895 0.016113 0.053711
0 0.835449 0.437012 0.050781 0.268555
0 0.877930 0.429199 0.048828 0.258789
6 0.904053 0.540039 0.189941 0.425781
0 0.567139 0.420898 0.015137 0.033203