2 0.665771 0.432129 0.007324 0.008789
2 0.626709 0.425293 0.015137 0.026367
2 0.600586 0.430176 0.018555 0.053711
2 0.583496 0.431152 0.034180 0.063477
2 0.574951 0.442383 0.030762 0.050781
2 0.567627 0.446777 0.027832 0.057617
0 0.428223 0.433105 0.008789 0.034180
0 0.461426 0.439453 0.016602 0.068359
2 0.512451 0.448242 0.101074 0.171875
8 0.324951 0.302734 0.032715 0.093750
8 0.319580 0.289551 0.023926 0.065430
2 0.688232 0.425293 0.014160 0.041992
2 0.725830 0.438965 0.053223 0.092773
2 0.747803 0.463379 0.095215 0.133789
9 0.805908 0.292480 0.016113 0.041992
9 0.805420 0.248047 0.020996 0.046875
8 0.849121 0.267578 0.035156 0.095703
9 0.874023 0.150391 0.048828 0.093750
9 0.031006 0.317871 0.041504 0.030273