8 0.611084 0.329590 0.005371 0.024414
8 0.563965 0.328613 0.005859 0.024414
2 0.505371 0.434082 0.014648 0.010742
2 0.510742 0.454102 0.021484 0.041016
2 0.553711 0.448242 0.025391 0.046875
2 0.556641 0.453125 0.021484 0.046875
2 0.575195 0.455078 0.033203 0.050781
8 0.655518 0.343262 0.006348 0.018555
8 0.782471 0.408203 0.005371 0.017578
2 0.813965 0.448730 0.017578 0.026367
2 0.786133 0.442871 0.041016 0.059570
0 0.793213 0.440430 0.006348 0.041016
3 0.665283 0.430176 0.032715 0.094727
3 0.621826 0.417969 0.062012 0.125000
2 0.640625 0.457031 0.044922 0.064453
8 0.690186 0.399414 0.002441 0.013672
2 0.681885 0.455566 0.030762 0.051758
9 0.932373 0.317383 0.049316 0.083984
9 0.971924 0.324707 0.014160 0.061523
3 0.730469 0.412109 0.079102 0.160156
2 0.945312 0.465820 0.099609 0.101562
2 0.985107 0.478027 0.026855 0.100586
3 0.329102 0.346191 0.089844 0.045898
9 0.395264 0.312988 0.043457 0.073242
9 0.164062 0.196289 0.037109 0.076172
9 0.179199 0.259277 0.093750 0.051758
2 0.038574 0.429688 0.079102 0.125000
2 0.131104 0.519531 0.264160 0.281250
2 0.378662 0.589355 0.338379 0.477539