2 0.495117 0.412109 0.008789 0.013672
2 0.464111 0.412109 0.008301 0.019531
2 0.456543 0.410156 0.010742 0.025391
0 0.468262 0.409180 0.004883 0.027344
2 0.478271 0.410156 0.014160 0.027344
0 0.486084 0.408203 0.004395 0.029297
9 0.488525 0.427734 0.006348 0.023438
9 0.488525 0.406738 0.008301 0.018555
8 0.488525 0.367676 0.002441 0.008789
0 0.411621 0.409180 0.010742 0.027344
4 0.436523 0.391113 0.033203 0.067383
9 0.342041 0.358887 0.001465 0.018555
0 0.280518 0.408203 0.006348 0.066406
9 0.130127 0.266113 0.008301 0.010742
9 0.113770 0.266113 0.019531 0.010742
9 0.122559 0.292480 0.009766 0.038086
8 0.116211 0.343750 0.014648 0.050781
8 0.129639 0.351074 0.009277 0.032227
8 0.114014 0.196777 0.044434 0.129883
9 0.070068 0.277832 0.012207 0.026367
0 0.200439 0.445312 0.046387 0.193359
9 0.562256 0.355469 0.014160 0.011719
9 0.564209 0.374023 0.005371 0.019531
9 0.591309 0.355469 0.010742 0.021484
8 0.516113 0.329102 0.004883 0.013672
2 0.571045 0.414062 0.020996 0.044922
2 0.531738 0.393066 0.070312 0.122070
9 0.618408 0.345703 0.023926 0.044922
8 0.662109 0.340332 0.008789 0.026367
9 0.914062 0.040039 0.039062 0.078125
8 0.920166 0.111816 0.019043 0.049805
8 0.929932 0.202637 0.040527 0.110352
8 0.892822 0.226074 0.023926 0.077148
2 0.885010 0.530273 0.229980 0.576172
8 0.304443 0.343262 0.010254 0.040039