9 0.606934 0.351562 0.012695 0.033203
9 0.606445 0.381836 0.009766 0.017578
9 0.142090 0.377930 0.013672 0.025391
9 0.141846 0.398438 0.013184 0.029297
2 0.030029 0.464355 0.047363 0.053711
2 0.009521 0.479004 0.019043 0.118164
2 0.004883 0.504395 0.009766 0.112305
2 0.052979 0.462891 0.023926 0.058594
2 0.145264 0.466797 0.067871 0.060547
2 0.092529 0.474609 0.081543 0.095703
2 0.195312 0.468262 0.064453 0.061523
2 0.258301 0.464844 0.069336 0.072266
2 0.312744 0.469727 0.077637 0.074219
2 0.744629 0.527344 0.194336 0.263672
2 0.882080 0.580566 0.232910 0.411133
2 0.401123 0.467773 0.084473 0.095703
2 0.463135 0.474609 0.089355 0.107422
2 0.539062 0.485352 0.103516 0.123047