0 0.495361 0.403320 0.008301 0.019531
0 0.507324 0.398438 0.004883 0.011719
8 0.523193 0.366699 0.004395 0.028320
9 0.529785 0.351074 0.005859 0.014648
9 0.529541 0.360840 0.005371 0.006836
9 0.530029 0.370117 0.006348 0.013672
8 0.480957 0.303711 0.005859 0.025391
0 0.628174 0.422852 0.008301 0.056641
0 0.719482 0.436523 0.025879 0.128906
6 0.605713 0.429199 0.026855 0.065430
3 0.413818 0.392578 0.020020 0.033203
2 0.410889 0.421387 0.030762 0.043945
8 0.437012 0.375977 0.007812 0.017578
2 0.460693 0.421875 0.022949 0.039062
2 0.452393 0.430176 0.030762 0.063477
2 0.434326 0.449219 0.061035 0.085938
2 0.502686 0.428711 0.033691 0.052734
9 0.402588 0.340820 0.007324 0.013672
9 0.402588 0.367676 0.012207 0.014648
9 0.403320 0.391113 0.008789 0.018555
8 0.271484 0.380859 0.009766 0.019531
0 0.212646 0.420410 0.008301 0.043945
2 0.291992 0.424805 0.031250 0.060547
2 0.295898 0.433105 0.019531 0.063477
2 0.238770 0.452148 0.067383 0.087891
2 0.093262 0.456055 0.156250 0.197266
0 0.128662 0.438965 0.030762 0.208008
0 0.099609 0.446777 0.026367 0.211914
0 0.076172 0.445312 0.033203 0.222656
2 0.349365 0.483887 0.134277 0.208008
8 0.366699 0.323730 0.005859 0.020508