2 0.555908 0.381348 0.016113 0.026367
2 0.549805 0.385254 0.011719 0.041992
2 0.524170 0.389160 0.031738 0.059570
2 0.620117 0.388672 0.016602 0.060547
9 0.635742 0.328125 0.010742 0.031250
9 0.649902 0.318359 0.010742 0.023438
9 0.649414 0.300293 0.008789 0.022461
2 0.634521 0.390625 0.037598 0.085938
2 0.665283 0.398438 0.060059 0.117188
2 0.723877 0.439941 0.126465 0.180664
2 0.499512 0.403809 0.036133 0.092773
2 0.461670 0.419434 0.071777 0.133789
2 0.434570 0.441895 0.068359 0.163086
2 0.412598 0.473145 0.056641 0.225586
2 0.907715 0.585938 0.180664 0.826172
2 0.242432 0.512695 0.316895 0.423828