7 0.003418 0.601562 0.008789 0.044922
0 0.307129 0.567871 0.027344 0.108398
8 0.784668 0.397949 0.015625 0.022461
8 0.784424 0.450195 0.016113 0.064453
9 0.777832 0.361328 0.004883 0.044922
8 0.829346 0.350586 0.034668 0.128906
9 0.833984 0.110840 0.038086 0.022461
9 0.807129 0.357910 0.006836 0.063477
9 0.806396 0.420410 0.005371 0.061523
9 0.805664 0.474121 0.004883 0.034180
9 0.469727 0.430176 0.010742 0.026367
0 0.590088 0.542480 0.074707 0.319336
0 0.744873 0.548340 0.073730 0.280273
0 0.908691 0.527832 0.115234 0.418945
0 0.505371 0.550293 0.075195 0.278320
0 0.488525 0.565430 0.124512 0.449219