9 0.395996 0.397461 0.006836 0.017578
8 0.364990 0.225098 0.006348 0.041992
8 0.267334 0.364258 0.006348 0.037109
8 0.264160 0.368164 0.008789 0.025391
9 0.378906 0.388184 0.005859 0.004883
8 0.336670 0.388184 0.004395 0.010742
9 0.552002 0.322754 0.008301 0.016602
2 0.413818 0.433594 0.030762 0.060547
4 0.653564 0.395020 0.451660 0.176758
2 0.412354 0.444824 0.018066 0.047852
2 0.390381 0.446289 0.041504 0.056641
2 0.348389 0.449707 0.024902 0.055664
2 0.202393 0.458496 0.062988 0.071289
2 0.278320 0.448242 0.134766 0.093750
2 0.045410 0.460938 0.092773 0.068359
2 0.130371 0.458984 0.110352 0.078125
9 0.034668 0.447754 0.007812 0.024414
2 0.964355 0.410156 0.067383 0.101562
0 0.802979 0.422363 0.016113 0.110352
0 0.780762 0.430176 0.018555 0.086914
0 0.755615 0.431641 0.017090 0.050781
2 0.977783 0.454590 0.041504 0.161133
9 0.920166 0.308594 0.024902 0.033203
8 0.922363 0.346680 0.008789 0.039062
2 0.648682 0.474609 0.292480 0.208984
9 0.928223 0.030762 0.082031 0.059570
9 0.872559 0.063965 0.020508 0.053711
0 0.671631 0.513672 0.245605 0.875000