2 0.550049 0.417969 0.011230 0.015625
2 0.546143 0.424805 0.013184 0.023438
8 0.592041 0.375488 0.009277 0.038086
9 0.591309 0.348145 0.011719 0.020508
9 0.606201 0.389160 0.009277 0.012695
9 0.606201 0.373047 0.011230 0.019531
2 0.713623 0.436523 0.082520 0.076172
2 0.724121 0.444824 0.083984 0.065430
2 0.731689 0.439453 0.074707 0.076172
2 0.761475 0.440430 0.062988 0.085938
2 0.858154 0.460938 0.162598 0.140625
2 0.903564 0.467285 0.160645 0.157227
2 0.936279 0.497559 0.125488 0.192383
9 0.720215 0.226562 0.055664 0.074219
9 0.717529 0.297363 0.053223 0.057617
0 0.664307 0.449707 0.032715 0.153320
0 0.731934 0.443359 0.031250 0.166016
0 0.449219 0.428223 0.006836 0.030273
8 0.466309 0.390625 0.004883 0.019531
8 0.385254 0.382812 0.004883 0.025391
8 0.309326 0.314453 0.010254 0.025391
0 0.306885 0.440430 0.015137 0.078125
0 0.325684 0.435059 0.017578 0.086914
8 0.512939 0.310059 0.005371 0.028320