2 0.555664 0.457520 0.021484 0.018555
9 0.084473 0.332031 0.009766 0.037109
9 0.084717 0.364258 0.011230 0.025391
7 0.097168 0.501465 0.085938 0.106445
7 0.097168 0.501465 0.085938 0.106445
2 0.039307 0.483887 0.056152 0.094727
9 0.353760 0.396484 0.014160 0.042969
9 0.910889 0.441895 0.015137 0.030273
0 0.623291 0.462891 0.007324 0.052734
0 0.629883 0.465820 0.005859 0.046875
0 0.658203 0.457031 0.016602 0.058594
0 0.658203 0.489258 0.024414 0.095703
9 0.681885 0.381348 0.014160 0.032227
9 0.682373 0.404785 0.013184 0.022461
2 0.585693 0.437500 0.020996 0.017578
2 0.587158 0.456543 0.039551 0.036133
2 0.582031 0.490234 0.043945 0.072266
2 0.593018 0.502930 0.061035 0.093750