2 0.592773 0.382324 0.017578 0.018555
2 0.491943 0.398926 0.023926 0.028320
2 0.428223 0.384277 0.030273 0.045898
2 0.446289 0.400391 0.032227 0.039062
2 0.416016 0.404297 0.031250 0.044922
9 0.359131 0.349121 0.007324 0.012695
2 0.322266 0.385742 0.030273 0.025391
2 0.372070 0.404297 0.035156 0.037109
6 0.368896 0.406738 0.016113 0.051758
6 0.337646 0.406738 0.026855 0.073242
1 0.336914 0.393066 0.025391 0.045898
2 0.208008 0.428223 0.071289 0.086914
2 0.111816 0.425293 0.086914 0.083008
9 0.116455 0.293457 0.016113 0.036133
2 0.526855 0.399902 0.020508 0.045898
2 0.539551 0.417480 0.032227 0.053711
9 0.359131 0.358887 0.006348 0.008789
1 0.369873 0.400879 0.014160 0.040039