2 0.461426 0.373535 0.017578 0.026367
2 0.461914 0.376953 0.015625 0.027344
2 0.467285 0.383301 0.017578 0.036133
2 0.479004 0.392090 0.025391 0.053711
2 0.486328 0.399902 0.027344 0.061523
2 0.502441 0.404297 0.036133 0.070312
2 0.513428 0.412109 0.042480 0.076172
2 0.551758 0.426270 0.068359 0.106445
2 0.406494 0.368652 0.015137 0.026367
2 0.385254 0.363770 0.015625 0.028320
2 0.636230 0.459961 0.129883 0.164062
6 0.745117 0.484375 0.085938 0.201172
7 0.853271 0.468262 0.060059 0.139648
2 0.930908 0.588379 0.138184 0.420898