2 0.277100 0.423828 0.011230 0.015625
2 0.245361 0.424805 0.016113 0.025391
2 0.233887 0.421387 0.018555 0.040039
2 0.224121 0.430664 0.015625 0.029297
2 0.215820 0.430664 0.013672 0.031250
2 0.206787 0.433594 0.024902 0.035156
8 0.033936 0.291504 0.010254 0.024414
8 0.035400 0.344727 0.014160 0.064453
8 0.230225 0.352539 0.011230 0.029297
8 0.246582 0.353027 0.010742 0.034180
8 0.240234 0.351562 0.011719 0.052734
9 0.115479 0.406250 0.033691 0.064453
9 0.368408 0.398926 0.008301 0.014648
9 0.368652 0.383789 0.005859 0.017578
9 0.465820 0.377930 0.010742 0.013672
8 0.450439 0.350586 0.011230 0.031250
8 0.456299 0.348145 0.010254 0.049805
0 0.611328 0.434082 0.045898 0.157227
9 0.589600 0.323730 0.014160 0.026367
9 0.587402 0.286621 0.019531 0.043945
9 0.589600 0.244629 0.032715 0.045898
9 0.589844 0.189941 0.035156 0.065430