2 0.236328 0.391602 0.028320 0.033203
2 0.528076 0.382324 0.009277 0.016602
8 0.524414 0.355469 0.003906 0.023438
2 0.515625 0.382324 0.008789 0.010742
9 0.516602 0.363281 0.004883 0.013672
2 0.491211 0.382324 0.009766 0.014648
2 0.475098 0.381836 0.010742 0.013672
2 0.502930 0.388184 0.017578 0.018555
8 0.482666 0.359375 0.004395 0.017578
9 0.483398 0.333984 0.007812 0.015625
8 0.431396 0.306152 0.004395 0.020508
8 0.451416 0.347656 0.005371 0.013672
8 0.434082 0.330566 0.002930 0.018555
2 0.436279 0.394531 0.020996 0.023438
3 0.458496 0.389648 0.030273 0.037109
9 0.472656 0.402344 0.005859 0.015625
2 0.392090 0.399902 0.011719 0.030273
2 0.384766 0.406250 0.021484 0.035156
8 0.330078 0.371094 0.004883 0.015625
8 0.391113 0.313965 0.003906 0.018555
0 0.286377 0.394531 0.008301 0.015625
0 0.293213 0.394531 0.005371 0.017578
8 0.289062 0.365723 0.006836 0.018555
8 0.300781 0.324707 0.003906 0.016602
2 0.271973 0.402344 0.015625 0.023438
2 0.278809 0.403809 0.021484 0.028320
2 0.320557 0.410645 0.024902 0.034180
9 0.556885 0.274414 0.032715 0.015625
9 0.542480 0.352539 0.009766 0.009766
9 0.541260 0.365234 0.008301 0.015625
9 0.556641 0.295410 0.032227 0.022461
9 0.556641 0.328613 0.033203 0.041992
3 0.655518 0.360352 0.102051 0.101562
0 0.521484 0.395508 0.005859 0.023438
2 0.652588 0.394531 0.059082 0.062500
2 0.678711 0.398438 0.075195 0.058594
0 0.760254 0.397461 0.018555 0.052734
0 0.750977 0.399414 0.015625 0.107422
0 0.741943 0.396973 0.020996 0.120117
9 0.757324 0.284668 0.016602 0.057617
0 0.787842 0.374023 0.024902 0.076172
6 0.826172 0.404785 0.043945 0.110352
2 0.412354 0.399902 0.022949 0.040039
7 0.595947 0.402344 0.013184 0.031250