9 0.293945 0.204590 0.012695 0.012695
8 0.297607 0.319824 0.016113 0.047852
8 0.279785 0.308594 0.014648 0.056641
9 0.349365 0.370117 0.009277 0.019531
9 0.348877 0.387207 0.009277 0.014648
9 0.494385 0.312012 0.015137 0.034180
9 0.494385 0.334473 0.012207 0.010742
8 0.566650 0.336426 0.016113 0.043945
8 0.687256 0.317871 0.010254 0.032227
8 0.690918 0.340820 0.018555 0.052734
9 0.756592 0.314941 0.012207 0.059570
2 0.972900 0.401367 0.052246 0.064453
6 0.993164 0.416016 0.011719 0.042969
2 0.414062 0.455078 0.092773 0.089844
9 0.380859 0.434570 0.020508 0.044922
9 0.858887 0.430664 0.019531 0.052734
8 0.817383 0.104980 0.012695 0.063477
8 0.961182 0.269043 0.011230 0.030273
8 0.942871 0.300781 0.017578 0.052734
8 0.966064 0.298828 0.018066 0.052734
9 0.116699 0.024902 0.059570 0.041992
8 0.091309 0.104980 0.027344 0.145508
9 0.082764 0.254883 0.056152 0.056641
2 0.200439 0.513184 0.380371 0.420898