9 0.475098 0.353027 0.007812 0.020508
2 0.422363 0.390137 0.011719 0.032227
2 0.416992 0.401855 0.019531 0.028320
2 0.395264 0.413086 0.017090 0.039062
2 0.412842 0.423828 0.036621 0.064453
6 0.372314 0.419922 0.010254 0.029297
9 0.380371 0.421875 0.017578 0.023438
9 0.355225 0.359863 0.011230 0.022461
2 0.332031 0.445312 0.035156 0.078125
2 0.309082 0.454590 0.060547 0.092773
2 0.181641 0.487793 0.119141 0.178711
2 0.079102 0.524414 0.160156 0.271484
2 0.939209 0.473145 0.067871 0.100586
9 0.562012 0.309570 0.024414 0.054688
2 0.459961 0.381348 0.042969 0.090820
2 0.473633 0.396484 0.043945 0.017578
2 0.447998 0.449707 0.025879 0.100586
2 0.483643 0.456055 0.074707 0.126953
2 0.713379 0.446289 0.095703 0.148438
2 0.793457 0.444824 0.177734 0.159180
9 0.379150 0.416504 0.007324 0.016602