2 0.346924 0.430664 0.027832 0.035156
9 0.253418 0.405273 0.015625 0.033203
0 0.259521 0.429688 0.013184 0.029297
9 0.212891 0.343750 0.009766 0.031250
2 0.230469 0.425293 0.045898 0.059570
2 0.230225 0.459473 0.058105 0.100586
0 0.143311 0.434082 0.021973 0.086914
9 0.155273 0.324707 0.015625 0.049805
9 0.115723 0.233887 0.034180 0.100586
9 0.058105 0.239746 0.047852 0.051758
9 0.384521 0.362793 0.010254 0.022461
2 0.399902 0.417480 0.021484 0.030273
2 0.383057 0.436035 0.071777 0.055664
0 0.531494 0.415039 0.014160 0.035156
7 0.485352 0.479980 0.055664 0.073242
7 0.485352 0.479980 0.055664 0.073242
6 0.724121 0.493164 0.052734 0.115234
7 0.824707 0.566406 0.171875 0.207031
7 0.485352 0.479980 0.055664 0.073242
6 0.503906 0.480469 0.069336 0.107422
7 0.770264 0.545898 0.145996 0.189453
7 0.814941 0.533691 0.134766 0.258789