8 0.569092 0.371094 0.002441 0.011719
9 0.626953 0.401367 0.008789 0.019531
9 0.635742 0.375000 0.026367 0.033203
9 0.648438 0.383789 0.012695 0.025391
9 0.673828 0.363770 0.003906 0.034180
9 0.693115 0.385254 0.015137 0.036133
2 0.439209 0.437500 0.012207 0.019531
0 0.420410 0.436035 0.003906 0.030273
0 0.393311 0.434570 0.007324 0.044922
2 0.478271 0.439941 0.016113 0.022461
2 0.493164 0.440918 0.018555 0.030273
2 0.522705 0.447754 0.038574 0.057617
2 0.559082 0.440918 0.019531 0.028320
2 0.579102 0.451172 0.023438 0.056641
2 0.606201 0.460938 0.056152 0.080078
2 0.675781 0.452637 0.040039 0.073242
2 0.680664 0.457520 0.032227 0.077148
2 0.712402 0.458984 0.063477 0.089844
2 0.849121 0.480957 0.128906 0.159180
2 0.452393 0.441406 0.019043 0.031250
2 0.308838 0.433105 0.104980 0.182617