2 0.573242 0.389160 0.013672 0.043945
2 0.625488 0.401367 0.051758 0.048828
2 0.624023 0.414551 0.048828 0.045898
2 0.666504 0.428223 0.088867 0.057617
2 0.836182 0.504883 0.111816 0.181641
2 0.919189 0.525879 0.158691 0.250977
2 0.482910 0.386230 0.059570 0.049805
2 0.476562 0.402832 0.021484 0.034180
2 0.452637 0.406250 0.054688 0.062500
2 0.430664 0.416504 0.084961 0.073242
2 0.389893 0.445312 0.049316 0.097656
2 0.364990 0.432617 0.054199 0.080078
2 0.366455 0.475586 0.050293 0.078125
2 0.312744 0.454102 0.109863 0.142578
2 0.305908 0.449219 0.089355 0.117188
2 0.251953 0.428711 0.101562 0.078125
2 0.220703 0.477051 0.202148 0.196289
2 0.073242 0.479980 0.148438 0.264648
0 0.598389 0.443359 0.021973 0.128906
0 0.582764 0.442871 0.023926 0.133789
0 0.543701 0.447754 0.030762 0.129883