3 0.429199 0.410156 0.018555 0.058594
9 0.480957 0.382812 0.019531 0.056641
1 0.438965 0.402832 0.019531 0.077148
1 0.526367 0.401367 0.012695 0.070312
1 0.527832 0.424805 0.007812 0.033203
1 0.503662 0.397461 0.019043 0.091797
1 0.505127 0.422852 0.014160 0.058594
0 0.572754 0.414062 0.023438 0.099609
2 0.369629 0.412109 0.048828 0.095703
3 0.247803 0.380371 0.231934 0.434570
9 0.688965 0.258301 0.012695 0.043945
9 0.687744 0.292969 0.009277 0.023438
8 0.663818 0.184082 0.028809 0.081055
8 0.682861 0.159180 0.024902 0.134766
1 0.438965 0.402832 0.019531 0.077148
1 0.503662 0.397461 0.019043 0.091797
6 0.438721 0.430176 0.012207 0.041992
7 0.505127 0.422852 0.014160 0.058594
1 0.526367 0.401367 0.012695 0.070312
7 0.527832 0.424805 0.007812 0.033203