8 0.306396 0.295898 0.008301 0.019531
8 0.315430 0.297363 0.006836 0.022461
9 0.310547 0.243164 0.018555 0.011719
8 0.395752 0.299316 0.005371 0.020508
9 0.398682 0.317871 0.005371 0.012695
8 0.352539 0.295898 0.009766 0.025391
8 0.360107 0.290527 0.006348 0.038086
9 0.356445 0.320312 0.011719 0.023438
2 0.314697 0.381836 0.037598 0.074219
2 0.489502 0.437012 0.093262 0.129883
4 0.227051 0.353516 0.144531 0.156250
9 0.188965 0.404785 0.020508 0.040039
9 0.144775 0.256836 0.006348 0.007812
8 0.147217 0.295410 0.010254 0.045898
8 0.135986 0.301758 0.013184 0.031250