2 0.406738 0.458984 0.009766 0.015625
0 0.535400 0.447754 0.004395 0.018555
2 0.458740 0.454590 0.006348 0.010742
2 0.467285 0.452148 0.007812 0.013672
2 0.473145 0.452148 0.008789 0.015625
2 0.477539 0.453125 0.006836 0.015625
2 0.484131 0.452148 0.011230 0.019531
8 0.492920 0.433594 0.002441 0.007812
2 0.492920 0.452637 0.013184 0.020508
9 0.651123 0.368164 0.016113 0.007812
9 0.642822 0.382812 0.013184 0.029297
8 0.450439 0.350098 0.020020 0.047852
8 0.468750 0.353027 0.011719 0.036133
8 0.452148 0.415527 0.001953 0.008789
8 0.467529 0.410156 0.002441 0.015625
4 0.429199 0.437012 0.038086 0.063477
9 0.432617 0.440430 0.015625 0.035156
9 0.432373 0.469238 0.019043 0.022461
2 0.327637 0.465820 0.028320 0.033203
8 0.207520 0.219238 0.011719 0.051758
8 0.244141 0.216797 0.023438 0.050781
2 0.257080 0.469727 0.055176 0.066406
8 0.126221 0.224609 0.012207 0.050781
2 0.114502 0.483887 0.062012 0.073242
8 0.018311 0.034668 0.037598 0.069336
9 0.827148 0.339355 0.012695 0.014648
9 0.827637 0.318848 0.017578 0.030273
8 0.915283 0.330566 0.007324 0.038086
8 0.991943 0.073730 0.014160 0.059570
1 0.717041 0.438965 0.015137 0.092773
7 0.712891 0.461914 0.035156 0.052734
1 0.752441 0.441895 0.017578 0.094727
7 0.751465 0.464844 0.009766 0.052734
1 0.752441 0.441895 0.017578 0.094727
7 0.751465 0.464844 0.009766 0.052734
7 0.712891 0.461914 0.035156 0.052734
1 0.717041 0.438965 0.015137 0.092773
8 0.764648 0.352539 0.008789 0.031250
0 0.674072 0.549805 0.144043 0.482422
0 0.924316 0.592773 0.148438 0.746094