8 0.484375 0.341309 0.004883 0.018555
8 0.520752 0.386719 0.004395 0.007812
9 0.535645 0.376465 0.013672 0.034180
2 0.512207 0.413574 0.017578 0.024414
2 0.503174 0.442871 0.037598 0.061523
2 0.540527 0.419922 0.020508 0.031250
2 0.542236 0.438965 0.023926 0.049805
2 0.562500 0.436035 0.043945 0.071289
2 0.511719 0.455566 0.050781 0.075195
0 0.600098 0.419434 0.017578 0.049805
0 0.608643 0.436035 0.012207 0.086914
0 0.624023 0.426758 0.013672 0.068359
7 0.614258 0.463867 0.021484 0.064453
0 0.654785 0.429199 0.018555 0.098633
0 0.734863 0.443848 0.026367 0.155273
0 0.767822 0.435059 0.030762 0.159180
9 0.254150 0.348145 0.020996 0.008789
7 0.016846 0.553711 0.033691 0.148438
4 0.434326 0.417969 0.080566 0.142578
0 0.366455 0.445801 0.016113 0.086914
0 0.344238 0.445801 0.016602 0.083008