0 0.094482 0.432129 0.029785 0.125977
0 0.175781 0.430176 0.011719 0.081055
9 0.297363 0.382812 0.005859 0.015625
2 0.292725 0.405762 0.032715 0.028320
2 0.285156 0.430664 0.034180 0.046875
0 0.222900 0.410156 0.008301 0.033203
0 0.210938 0.434082 0.010742 0.086914
2 0.239990 0.426270 0.061035 0.120117
9 0.360107 0.394043 0.004395 0.008789
9 0.360352 0.403320 0.003906 0.007812
9 0.360596 0.409668 0.003418 0.004883
0 0.351318 0.419434 0.008301 0.047852
2 0.321777 0.426270 0.057617 0.110352
2 0.375732 0.421875 0.018066 0.029297
0 0.369629 0.425293 0.012695 0.045898
0 0.391602 0.423340 0.013672 0.043945
0 0.471191 0.413574 0.005859 0.036133
0 0.464600 0.414062 0.003418 0.033203
0 0.516357 0.415039 0.006348 0.044922
9 0.484863 0.352051 0.009766 0.018555
9 0.549561 0.332031 0.015137 0.037109
0 0.571777 0.414062 0.014648 0.066406
0 0.554932 0.421387 0.015137 0.096680
0 0.563477 0.421875 0.009766 0.091797
0 0.976318 0.421875 0.020020 0.115234
0 0.959473 0.418945 0.017578 0.119141
0 0.992432 0.420410 0.015137 0.122070
9 0.960449 0.150391 0.032227 0.085938
9 0.962646 0.215332 0.028809 0.053711
0 0.822998 0.415039 0.017090 0.105469
0 0.826904 0.421387 0.022949 0.100586
0 0.814453 0.414551 0.021484 0.116211
0 0.785645 0.420410 0.022461 0.102539
8 0.823242 0.064453 0.073242 0.128906
8 0.875000 0.060059 0.041016 0.120117
0 0.708008 0.417969 0.011719 0.089844
0 0.713867 0.415039 0.020508 0.099609
0 0.631104 0.381348 0.008301 0.020508
0 0.682861 0.401367 0.008301 0.052734
0 0.686035 0.417480 0.012695 0.086914
0 0.693604 0.416016 0.015137 0.097656
0 0.659424 0.416992 0.013184 0.091797
0 0.666992 0.416504 0.019531 0.096680
0 0.616455 0.432617 0.010254 0.046875
0 0.616455 0.419434 0.019043 0.090820
0 0.626221 0.416992 0.015137 0.091797
0 0.635254 0.402344 0.011719 0.048828
0 0.598145 0.422363 0.015625 0.098633
7 0.580078 0.441895 0.021484 0.071289
7 0.597656 0.445312 0.024414 0.068359
9 0.579834 0.270996 0.017090 0.041992
9 0.579346 0.312012 0.019043 0.041992
9 0.398193 0.382812 0.003418 0.007812
9 0.393799 0.389160 0.004395 0.008789
8 0.348633 0.343750 0.003906 0.013672