0 0.303223 0.465332 0.032227 0.178711
2 0.530518 0.423828 0.014160 0.037109
0 0.526855 0.431641 0.010742 0.082031
0 0.539307 0.430664 0.014160 0.080078
9 0.545410 0.334961 0.005859 0.007812
9 0.560791 0.324219 0.016113 0.013672
9 0.577637 0.324707 0.016602 0.016602
9 0.570557 0.363281 0.004395 0.031250
9 0.650146 0.346680 0.006348 0.015625
9 0.646973 0.324219 0.008789 0.009766
9 0.741943 0.333496 0.011230 0.022461
0 0.744141 0.416016 0.006836 0.062500
0 0.723145 0.445312 0.032227 0.177734
2 0.839600 0.416992 0.148926 0.158203
2 0.865479 0.456055 0.178223 0.175781