0 0.291748 0.457520 0.007324 0.036133
9 0.280273 0.363770 0.018555 0.036133
0 0.173096 0.454102 0.014160 0.041016
0 0.165771 0.458984 0.020020 0.052734
9 0.244629 0.328125 0.013672 0.027344
0 0.328613 0.463867 0.012695 0.058594
0 0.340088 0.467773 0.008301 0.068359
0 0.308350 0.481445 0.013184 0.060547
0 0.302002 0.464844 0.018066 0.095703
0 0.315674 0.465820 0.019043 0.105469
0 0.334717 0.458496 0.018066 0.118164
0 0.419434 0.461914 0.013672 0.072266
0 0.435303 0.460938 0.014160 0.070312
1 0.357910 0.456543 0.026367 0.118164
7 0.356445 0.498047 0.024414 0.091797
9 0.524902 0.366211 0.022461 0.035156
9 0.523926 0.331543 0.022461 0.043945
9 0.653564 0.258789 0.011230 0.169922
2 0.228271 0.478516 0.120605 0.158203
0 0.266357 0.471191 0.036621 0.159180
2 0.536621 0.498047 0.143555 0.150391
2 0.669189 0.493652 0.203613 0.200195
2 0.851807 0.508789 0.219238 0.253906
2 0.939209 0.531738 0.121582 0.274414