9 0.132324 0.254883 0.016602 0.035156
9 0.092285 0.216309 0.051758 0.034180
2 0.517822 0.402344 0.011230 0.017578
2 0.514160 0.409668 0.012695 0.024414
2 0.504395 0.414551 0.025391 0.030273
2 0.503418 0.422363 0.023438 0.040039
2 0.502441 0.432617 0.016602 0.044922
2 0.498291 0.434082 0.019043 0.051758
2 0.490234 0.437988 0.021484 0.061523
2 0.482178 0.437012 0.029785 0.079102
2 0.471924 0.445312 0.031738 0.089844
2 0.468262 0.456055 0.030273 0.101562
2 0.406738 0.460938 0.126953 0.193359
2 0.543701 0.403809 0.011230 0.016602
2 0.544678 0.410645 0.007324 0.024414
2 0.549561 0.414062 0.011230 0.029297
2 0.548828 0.418457 0.009766 0.028320
2 0.554443 0.421875 0.011230 0.037109
2 0.552490 0.419922 0.014160 0.035156
2 0.568848 0.412598 0.035156 0.081055
2 0.581787 0.436035 0.035645 0.069336
2 0.587646 0.440918 0.022949 0.071289
2 0.595703 0.445801 0.033203 0.088867
2 0.611328 0.452637 0.040039 0.104492
2 0.650879 0.452637 0.085938 0.159180
2 0.691895 0.483887 0.129883 0.192383
9 0.923340 0.222168 0.025391 0.045898