0 0.094482 0.445312 0.009277 0.050781
2 0.234375 0.443848 0.029297 0.051758
2 0.240723 0.452637 0.031250 0.041992
2 0.248291 0.455566 0.023926 0.047852
2 0.266113 0.455566 0.032227 0.055664
2 0.292236 0.457520 0.041504 0.067383
9 0.382324 0.360352 0.011719 0.048828
9 0.382324 0.319824 0.016602 0.032227
2 0.316650 0.459473 0.045410 0.073242
2 0.341797 0.464844 0.042969 0.082031
2 0.366211 0.466797 0.048828 0.099609
2 0.397217 0.472656 0.071777 0.109375
2 0.433838 0.487305 0.043457 0.130859
2 0.485596 0.497070 0.130371 0.187500
2 0.188232 0.493652 0.076660 0.159180
2 0.137939 0.524414 0.146973 0.207031
0 0.608643 0.472168 0.025879 0.174805
0 0.797852 0.466309 0.046875 0.252930
0 0.752686 0.473633 0.073730 0.308594
9 0.600342 0.304688 0.026855 0.027344
9 0.600342 0.264160 0.026855 0.053711
9 0.599121 0.221680 0.027344 0.029297
9 0.599121 0.167480 0.038086 0.075195