8 0.542969 0.326660 0.012695 0.053711
0 0.095459 0.480957 0.022949 0.129883
0 0.129395 0.479492 0.025391 0.126953
0 0.205322 0.475586 0.026855 0.119141
0 0.185791 0.479492 0.025879 0.115234
0 0.168701 0.482422 0.020020 0.109375
0 0.150879 0.475586 0.030273 0.123047
9 0.563965 0.354980 0.008789 0.041992
9 0.695312 0.361816 0.009766 0.032227
9 0.828125 0.322754 0.007812 0.022461
8 0.817139 0.330566 0.010254 0.041992
0 0.714355 0.417480 0.013672 0.040039
2 0.665771 0.460449 0.110840 0.110352
0 0.737305 0.489258 0.074219 0.279297
0 0.730225 0.478516 0.052246 0.310547
0 0.987549 0.451660 0.024902 0.227539
8 0.989502 0.317871 0.011230 0.051758
0 0.968018 0.424805 0.016113 0.093750
7 0.805664 0.436523 0.037109 0.101562
7 0.583984 0.520508 0.134766 0.185547
1 0.805908 0.433594 0.020020 0.097656
1 0.589355 0.458984 0.081055 0.255859
7 0.351074 0.537598 0.125977 0.151367
1 0.344482 0.460938 0.082520 0.228516