8 0.451172 0.391113 0.003906 0.014648
9 0.441162 0.396973 0.003418 0.008789
9 0.422119 0.373047 0.007324 0.005859
9 0.422607 0.381836 0.005371 0.011719
2 0.417480 0.417969 0.004883 0.019531
2 0.423584 0.417969 0.012207 0.021484
9 0.423340 0.394531 0.005859 0.011719
8 0.388184 0.394531 0.002930 0.013672
8 0.382812 0.391113 0.002930 0.014648
9 0.379395 0.388184 0.003906 0.012695
0 0.270020 0.414551 0.010742 0.030273
2 0.373779 0.424805 0.011230 0.029297
2 0.368408 0.426270 0.014160 0.040039
2 0.364990 0.426270 0.010254 0.043945
2 0.317627 0.418945 0.093262 0.062500
2 0.321533 0.445312 0.080566 0.066406
2 0.277100 0.457520 0.022949 0.063477
9 0.291992 0.372070 0.007812 0.027344
2 0.193115 0.436523 0.049316 0.066406
2 0.243652 0.458984 0.070312 0.089844
0 0.461182 0.416016 0.005371 0.031250
0 0.455078 0.415527 0.004883 0.022461
9 0.516846 0.367188 0.007324 0.023438
9 0.586914 0.338867 0.014648 0.039062
2 0.476807 0.426270 0.015137 0.053711
2 0.489258 0.427734 0.029297 0.056641
2 0.493896 0.432129 0.018066 0.055664
2 0.502930 0.434570 0.018555 0.056641
2 0.510986 0.436523 0.023926 0.066406
2 0.519531 0.439453 0.016602 0.072266
2 0.556152 0.424805 0.070312 0.126953
2 0.574463 0.449707 0.070801 0.106445
2 0.736816 0.457520 0.195312 0.141602
0 0.673828 0.467773 0.060547 0.314453
0 0.798096 0.438965 0.031738 0.186523
0 0.767090 0.449707 0.057617 0.303711
0 0.982422 0.501953 0.035156 0.201172