9 0.535889 0.405273 0.004395 0.007812
2 0.492920 0.443848 0.020996 0.016602
2 0.466797 0.437012 0.016602 0.038086
2 0.461182 0.443359 0.013184 0.037109
2 0.454834 0.451660 0.013184 0.030273
0 0.406494 0.439941 0.011230 0.040039
2 0.422852 0.451172 0.039062 0.058594
0 0.299805 0.450195 0.008789 0.025391
0 0.282471 0.454102 0.011230 0.033203
8 0.351318 0.361816 0.008301 0.014648
8 0.347412 0.371582 0.009277 0.040039
8 0.280029 0.381348 0.007324 0.014648
8 0.270264 0.372070 0.008301 0.039062
2 0.223389 0.470215 0.098145 0.071289
8 0.212402 0.361328 0.010742 0.023438
8 0.207275 0.340332 0.012207 0.053711
0 0.102783 0.477539 0.028809 0.132812
8 0.460693 0.411133 0.005371 0.019531
8 0.609863 0.405762 0.008789 0.024414
8 0.584473 0.344727 0.006836 0.023438
0 0.569336 0.425781 0.010742 0.031250
2 0.592041 0.442871 0.072754 0.083008
0 0.698486 0.436523 0.020996 0.083984
0 0.766357 0.419922 0.014160 0.054688
8 0.659180 0.356445 0.015625 0.041016
0 0.675293 0.441406 0.026367 0.117188
8 0.725098 0.354492 0.006836 0.041016
8 0.735840 0.354492 0.005859 0.037109
2 0.767334 0.444336 0.086426 0.068359
8 0.731201 0.309082 0.015137 0.061523
8 0.731689 0.327148 0.009277 0.021484
8 0.743408 0.309570 0.016113 0.068359
9 0.783203 0.367188 0.005859 0.029297
8 0.762939 0.175293 0.012207 0.059570
2 0.976807 0.428223 0.046387 0.094727
0 0.791992 0.428223 0.019531 0.124023
2 0.640625 0.450195 0.081055 0.134766
8 0.538818 0.319824 0.016113 0.057617
8 0.555664 0.317383 0.013672 0.064453
9 0.538574 0.354980 0.021484 0.012695
9 0.545898 0.389160 0.016602 0.030273
7 0.444092 0.483398 0.046387 0.083984
1 0.442871 0.453125 0.035156 0.119141