2 0.435303 0.397461 0.007324 0.015625
2 0.427002 0.401855 0.008301 0.012695
2 0.420654 0.401855 0.006348 0.010742
2 0.415527 0.403809 0.003906 0.006836
2 0.402344 0.406250 0.012695 0.023438
2 0.392578 0.408691 0.011719 0.022461
2 0.379395 0.412598 0.016602 0.024414
2 0.410156 0.411621 0.013672 0.018555
9 0.467773 0.377441 0.004883 0.012695
2 0.468750 0.401855 0.021484 0.028320
9 0.478027 0.361816 0.005859 0.020508
2 0.491455 0.411133 0.020996 0.039062
9 0.524658 0.272461 0.015137 0.025391
9 0.535400 0.304199 0.025879 0.012695
9 0.552734 0.322754 0.029297 0.020508
2 0.447754 0.412598 0.017578 0.030273
0 0.357910 0.425781 0.023438 0.089844
9 0.139648 0.282227 0.016602 0.031250
8 0.143799 0.325684 0.010254 0.049805
8 0.134277 0.326660 0.009766 0.051758
8 0.683350 0.307617 0.009277 0.052734
8 0.702148 0.308105 0.014648 0.053711
2 0.906006 0.439941 0.148926 0.104492
8 0.934082 0.200195 0.013672 0.126953
8 0.903809 0.192871 0.031250 0.114258
8 0.866211 0.043457 0.060547 0.083008
8 0.812744 0.045898 0.065918 0.091797