8 0.598633 0.371582 0.004883 0.018555
8 0.593018 0.370605 0.003418 0.018555
8 0.586426 0.370605 0.004883 0.018555
9 0.960205 0.069336 0.079590 0.138672
9 0.625732 0.394531 0.006348 0.011719
2 0.498047 0.429688 0.019531 0.015625
2 0.476807 0.435059 0.024902 0.024414
9 0.522949 0.382324 0.018555 0.028320
9 0.526611 0.400879 0.008301 0.004883
8 0.538818 0.394531 0.005371 0.021484
8 0.590332 0.395020 0.003906 0.016602
8 0.593262 0.395508 0.003906 0.019531
8 0.452637 0.340332 0.005859 0.026367
8 0.431152 0.342773 0.005859 0.027344
8 0.476074 0.336914 0.006836 0.027344
8 0.503906 0.397949 0.002930 0.022461
8 0.408203 0.403320 0.004883 0.019531
8 0.497803 0.397461 0.004395 0.017578
2 0.452637 0.436035 0.027344 0.024414
8 0.484619 0.395020 0.005371 0.022461
2 0.507324 0.440430 0.020508 0.033203
2 0.524658 0.442383 0.027832 0.039062
8 0.451660 0.386719 0.006836 0.029297
9 0.336914 0.407715 0.003906 0.016602
8 0.364258 0.407227 0.004883 0.019531
9 0.074951 0.378418 0.014160 0.047852
0 0.324463 0.443359 0.006348 0.023438
2 0.313232 0.457031 0.022949 0.041016
2 0.290527 0.456055 0.034180 0.050781
0 0.266846 0.439941 0.010254 0.026367
0 0.250488 0.442383 0.008789 0.027344
9 0.266846 0.396484 0.008301 0.027344
2 0.225586 0.461426 0.046875 0.075195
2 0.202881 0.469727 0.041504 0.068359
2 0.172363 0.477539 0.049805 0.072266
2 0.120850 0.480469 0.065918 0.097656
2 0.049805 0.495117 0.099609 0.113281
9 0.652588 0.355957 0.012207 0.038086
7 0.373535 0.444336 0.011719 0.019531
1 0.372803 0.437988 0.008301 0.028320