2 0.908203 0.409668 0.061523 0.040039
2 0.972412 0.393555 0.055176 0.085938
2 0.781006 0.410645 0.022949 0.014648
3 0.344238 0.385742 0.107422 0.203125
9 0.432617 0.373535 0.006836 0.022461
2 0.750488 0.416992 0.009766 0.021484
2 0.745117 0.417969 0.011719 0.025391
2 0.739502 0.418945 0.014160 0.029297
2 0.726318 0.412109 0.021973 0.042969
2 0.722656 0.416504 0.022461 0.038086
9 0.695068 0.360352 0.008301 0.017578
2 0.690674 0.416016 0.064941 0.048828
9 0.672119 0.335938 0.024902 0.044922
9 0.764404 0.394531 0.005371 0.007812
0 0.517090 0.411621 0.008789 0.055664
2 0.616943 0.401855 0.115723 0.086914
2 0.797607 0.394531 0.018066 0.062500
2 0.840088 0.410645 0.102051 0.114258
0 0.566406 0.406738 0.016602 0.100586