8 0.513184 0.372070 0.002930 0.013672
9 0.512207 0.392090 0.004883 0.018555
9 0.583008 0.396484 0.005859 0.017578
8 0.528809 0.373047 0.002930 0.011719
2 0.620850 0.433594 0.015137 0.025391
2 0.629639 0.440918 0.011230 0.032227
2 0.540039 0.429199 0.014648 0.024414
2 0.531982 0.427246 0.015137 0.020508
2 0.548584 0.440430 0.025879 0.041016
0 0.436768 0.423340 0.009277 0.055664
0 0.439941 0.428711 0.010742 0.050781
2 0.519043 0.425781 0.005859 0.011719
2 0.383057 0.449219 0.058105 0.113281
2 0.336670 0.446777 0.075684 0.149414
2 0.257324 0.444824 0.146484 0.211914
2 0.118408 0.467773 0.236816 0.312500
0 0.429199 0.421875 0.012695 0.058594
2 0.508057 0.424316 0.007324 0.020508
2 0.495361 0.424316 0.020996 0.028320
0 0.486816 0.425781 0.006836 0.042969
8 0.500000 0.379395 0.002930 0.012695
9 0.602539 0.379883 0.009766 0.025391
9 0.717773 0.299316 0.022461 0.071289
7 0.710205 0.535645 0.030762 0.143555
1 0.709961 0.481934 0.043945 0.206055